0010110000
0010101110
0010101100
0010101011
0010101101
0010101110
0010101100
0010100101
0010100101
0010101110
0001000100
0001000101
0001000110
0001001000
0001011111
0001100000
0001100001
0001100010
0001100011
0001100100
0001111011
0001111100
0001111101
0001111110
0001111111
0010000000
0010000001
0010000010
0010010110
0010010111
0010011000
0010011001
0010011010
0010011011
0010011100
0010011101
0010011110
0010011111
0010110011
0010111000
0010111001
0010111010
0010111011
0010111100
0011010110
0011010111
0011011000
0011110010
0011110011
0011110100
0011110101
0100001111
0100010000
0100010001
0100010010
0100101011
0100101100
0100101101
0101001000
0101001001
0101001010
0101100100
0101100101
0101110110
0101111000
0101111001
0110000000
0110000001
0110010000
0110010001
0110010010
0110010011
0110010100
0110010101
0110010110
0110010111
0110011000
0110011001
0110011010
0110011011
0110011100
0110011101
0110011110
0110101011
0110101100
0110101101
0110101110
0110101111
0110110000
0110110001
0110110010
0110110011
0110110100
0110110101
0110110110
0110110111
0110111000
0110111001
0110111010
0111001000
0111001001
0111001010
0111001011
0111001100
0111001101
0111001110
0111001111
0111010000
0111010001
0111010010
0111010011
0111010100
0111010101
0111010110
0111100011
0111100100
0111100101
0111100110
0111100111
0111101000
0111101001
0111101010
0111101011
0111101100
0111101101
0111101110
0111101111
0111110000
0111110001
0111110010
1000000000
1000000001
1000000010
1000000011
1000000100
1000000101
1000000110
1000000111
1000001000
1000001001
1000001010
1000001011
1000001100
1000001101
1000001110
1000001111
1000011100
1000011101
1000011110
1000011111
1000100000
1000100001
1000100010
1000100011
1000100100
1000100101
1000100110
1000100111
1000101000
1000101001
1000101010
1000101011
1000111001
1000111010
1000111011
1000111100
1000111101
1000111110
1000111111
1001000000
1001000001
1001000010
1001000101
1001000110
1001000111
1001001000
1001010110
1001010111
1001011000
1001011001
1001011010
1001011011
1001100001
1001100010
1001100011
1001100100
0000000000
0000000000
0000000000
0000000000
0000000000
0000000000
0000000000
0000000000
0000000000
0000000000
0000000000
0000000000
0000000000
0000000000
0000000000
0000000000
0000000000
0000000000
0000000000
0000000000
0000000000
0000000000
0000000000
0000000000
0000000000
0000000000
0000000000
0000000000
0000000000
0000000000
0000000000
0000000000
0000000000
0000000000
0000000000
0000000000
0000000000
0000000000
0000000000
0000000000
0000000000
0000000000
0000000000
0000000000
0000000000
0000000000
0000000000
0000000000
0000000000
0000000000
0000000000
0000000000
0000000000
0000000000
0000000000
0000000000
0000000000
0000000000
0000000000
0000000000
0000000000
0000000000
0000000000
0000000000
0000000000
0000000000
0000000000
0000000000
0000000000
0000000000
0000000000
0000000000
0000000000
0000000000
0000000000
0000000000
0000000000
0000000000
0000000000
0000000000
0000000000
0000000000
0000000000
0000000000
0000000000
0000000000
0000000000
0000000000
0000000000
0000000000
0000000000
0000000000
0000000000
0000000000
0000000000
0000000000
0000000000
0000000000
0000000000
0000000000
0000000000
0000000000
0000000000
0000000000
0000000000
0000000000
0000000000
0000000000
0000000000
0000000000
0000000000
0000000000
0000000000
0000000000
0000000000
0000000000
0000000000
0000000000
0000000000
0000000000
0000000000
0000000000
0000000000
0000000000
0000000000
0000000000
0000000000
0000000000
0000000000
0000000000
0000000000
0000000000
0000000000
0000000000
0000000000
0000000000
0000000000
0000000000
0000000000
0000000000
0000000000
0000000000
0000000000
0000000000
0000000000
0000000000
0000000000
0000000000
0000000000
0000000000
0000000000
0000000000
0000000000
0000000000
0000000000
0000000000
0000000000
0000000000
0000000000
0000000000
0000000000
0000000000
0000000000
0000000000
0000000000
0000000000
0000000000
0000000000
0000000000
0000000000
0000000000
0000000000
0000000000
0000000000
0000000000
0000000000
0000000000
0000000000
0000000000
0000000000
0000000000
0000000000
0000000000
0000000000
0000000000
0000000000
0000000000
0000000000
0000000000
0000000000
0000000000
0000000000
0000000000
0000000000
0000000000
0000000000
0000000000
0000000000
0000000000
0000000000
0000000000
0000000000
0000000000
0000000000
0000000000
0000000000
0000000000
0000000000
0000000000
0000000000
0000000000
0000000000
0000000000
0000000000
0000000000
0000000000
0000000000
0000000000
0000000000
0000000000
0000000000
0000000000
0000000000
0000000000
0000000000
0000000000
0000000000
0000000000
0000000000
0000000000
0000000000
0000000000
0000000000
0000000000
0000000000
0000000000
0000000000
0000000000
0000000000
0000000000
0000000000
0000000000
0000000000
0000000000
0000000000
0000000000
0000000000
0000000000
0000000000
0000000000
0000000000
0000000000
0000000000
0000000000
0000000000
0000000000
0000000000
0000000000
0000000000
0000000000
0000000000
0000000000
0000000000
0000000000
0000000000
0000000000
0000000000
0000000000
0000000000
0000000000
0000000000
0000000000
0000000000
0000000000
0000000000
0000000000
0000000000
0000000000
0000000000
0000000000
0000000000
0000000000
0000000000
0000000000
0000000000
0000000000
0000000000
0000000000
0000000000
0000000000
0000000000
0000000000
0000000000
0000000000
0000000000
0000000000
0000000000
0000000000
0000000000
0000000000
0000000000
0000000000
0000000000
0000000000
0000000000
0000000000
0000000000
0000000000
0000000000
0000000000
0000000000
0000000000
0000000000
0000000000
0000000000
0000000000
0000000000
0000000000
0000000000
0000000000
0000000000
0000000000
0000000000
0000000000
0000000000
0000000000
0000000000
0000000000
0000000000
0000000000
0000000000
0000000000
0000000000
0000000000
0000000000
0000000000
0001000011
0001000100
0001000101
0001000110
0001011110
0001011111
0001100000
0001100001
0001100010
0001100011
0001100100
0001100101
0001111011
0001111100
0001111101
0001111110
0001111111
0010000000
0010000001
0010000010
0010010111
0010011000
0010011001
0010011010
0010011011
0010011100
0010011101
0010011110
0010011111
0010110010
0010110011
0010111000
0010111001
0010111010
0010111011
0010111100
0011001111
0011010110
0011010111
0011011000
0011110011
0011110100
0011110101
0100001111
0100010000
0100010001
0100010010
0100101011
0100101100
0100101101
0101001000
0101001001
0101001010
0101100101
0101110101
0101110110
0101110111
0101111000
0101111001
0101111010
0110000000
0110000001
0110000010
0110010000
0110010001
0110010010
0110010011
0110010100
0110010101
0110010110
0110010111
0110011000
0110011001
0110011011
0110011100
0110011101
0110011110
0110101100
0110101101
0110101110
0110101111
0110110000
0110110001
0110110010
0110110011
0110110100
0110110101
0110110110
0110110111
0110111000
0110111001
0110111010
0111000111
0111001000
0111001001
0111001010
0111001011
0111001100
0111001101
0111001110
0111001111
0111010000
0111010001
0111010010
0111010011
0111010100
0111010101
0111100100
0111100101
0111100110
0111100111
0111101000
0111101001
0111101010
0111101011
0111101100
0111101101
0111101110
0111101111
0111110000
0111110001
0111111111
1000000000
1000000001
1000000010
1000000011
1000000100
1000000101
1000000110
1000000111
1000001000
1000001001
1000001010
1000001011
1000001100
1000001101
1000001110
1000011100
1000011101
1000011110
1000011111
1000100000
1000100001
1000100010
1000100011
1000100100
1000100101
1000100110
1000100111
1000101000
1000101001
1000101010
1000111010
1000111011
1000111100
1000111101
1000111110
1000111111
1001000000
1001000001
1001000101
1001000110
1001000111
1001001000
1001010110
1001010111
1001011000
1001011001
1001011010
1001011011
1001100000
1001100001
1001100011
1001100100
0000000000
0000000000
0000000000
0000000000
0000000000
0000000000
0000000000
0000000000
0000000000
0000000000
0000000000
0000000000
0000000000
0000000000
0000000000
0000000000
0000000000
0000000000
0000000000
0000000000
0000000000
0000000000
0000000000
0000000000
0000000000
0000000000
0000000000
0000000000
0000000000
0000000000
0000000000
0000000000
0000000000
0000000000
0000000000
0000000000
0000000000
0000000000
0000000000
0000000000
0000000000
0000000000
0000000000
0000000000
0000000000
0000000000
0000000000
0000000000
0000000000
0000000000
0000000000
0000000000
0000000000
0000000000
0000000000
0000000000
0000000000
0000000000
0000000000
0000000000
0000000000
0000000000
0000000000
0000000000
0000000000
0000000000
0000000000
0000000000
0000000000
0000000000
0000000000
0000000000
0000000000
0000000000
0000000000
0000000000
0000000000
0000000000
0000000000
0000000000
0000000000
0000000000
0000000000
0000000000
0000000000
0000000000
0000000000
0000000000
0000000000
0000000000
0000000000
0000000000
0000000000
0000000000
0000000000
0000000000
0000000000
0000000000
0000000000
0000000000
0000000000
0000000000
0000000000
0000000000
0000000000
0000000000
0000000000
0000000000
0000000000
0000000000
0000000000
0000000000
0000000000
0000000000
0000000000
0000000000
0000000000
0000000000
0000000000
0000000000
0000000000
0000000000
0000000000
0000000000
0000000000
0000000000
0000000000
0000000000
0000000000
0000000000
0000000000
0000000000
0000000000
0000000000
0000000000
0000000000
0000000000
0000000000
0000000000
0000000000
0000000000
0000000000
0000000000
0000000000
0000000000
0000000000
0000000000
0000000000
0000000000
0000000000
0000000000
0000000000
0000000000
0000000000
0000000000
0000000000
0000000000
0000000000
0000000000
0000000000
0000000000
0000000000
0000000000
0000000000
0000000000
0000000000
0000000000
0000000000
0000000000
0000000000
0000000000
0000000000
0000000000
0000000000
0000000000
0000000000
0000000000
0000000000
0000000000
0000000000
0000000000
0000000000
0000000000
0000000000
0000000000
0000000000
0000000000
0000000000
0000000000
0000000000
0000000000
0000000000
0000000000
0000000000
0000000000
0000000000
0000000000
0000000000
0000000000
0000000000
0000000000
0000000000
0000000000
0000000000
0000000000
0000000000
0000000000
0000000000
0000000000
0000000000
0000000000
0000000000
0000000000
0000000000
0000000000
0000000000
0000000000
0000000000
0000000000
0000000000
0000000000
0000000000
0000000000
0000000000
0000000000
0000000000
0000000000
0000000000
0000000000
0000000000
0000000000
0000000000
0000000000
0000000000
0000000000
0000000000
0000000000
0000000000
0000000000
0000000000
0000000000
0000000000
0000000000
0000000000
0000000000
0000000000
0000000000
0000000000
0000000000
0000000000
0000000000
0000000000
0000000000
0000000000
0000000000
0000000000
0000000000
0000000000
0000000000
0000000000
0000000000
0000000000
0000000000
0000000000
0000000000
0000000000
0000000000
0000000000
0000000000
0000000000
0000000000
0000000000
0000000000
0000000000
0000000000
0000000000
0000000000
0000000000
0000000000
0000000000
0000000000
0000000000
0000000000
0000000000
0000000000
0000000000
0000000000
0000000000
0000000000
0000000000
0000000000
0000000000
0000000000
0000000000
0000000000
0000000000
0000000000
0000000000
0000000000
0000000000
0000000000
0000000000
0000000000
0000000000
0000000000
0000000000
0000000000
0000000000
0000000000
0000000000
0000000000
0000000000
0000000000
0000000000
0000000000
0000000000
0000000000
0000000000
0000000000
0000000000
0000000000
0000000000
0000000000
0000000000
0000000000
0000000000
0000000000
0000000000
0000000000
0000000000
0000000000
0000000000
0000000000
0000000000
0000000000
0000000000
0000000000
0000000000
0001000011
0001000100
0001000101
0001000110
0001000111
0001001000
0001011111
0001100000
0001100001
0001100010
0001100011
0001100100
0001100101
0001111011
0001111100
0001111101
0001111110
0001111111
0010000000
0010000001
0010000010
0010010110
0010010111
0010011000
0010011001
0010011010
0010011011
0010011100
0010011101
0010011110
0010110001
0010110010
0010110011
0010110100
0010111001
0010111010
0010111011
0011010101
0011010110
0011010111
0011011000
0011011001
0011110010
0011110011
0011110100
0011110101
0100001111
0100010000
0100010001
0100010010
0100101100
0100101101
0100101110
0101001001
0101100101
0101110110
0101110111
0101111000
0101111010
0110000000
0110000001
0110010001
0110010010
0110010011
0110010100
0110010101
0110010110
0110010111
0110011000
0110011001
0110011010
0110011011
0110011100
0110011101
0110011110
0110101100
0110101101
0110101110
0110101111
0110110000
0110110001
0110110010
0110110011
0110110100
0110110101
0110110110
0110110111
0110111000
0110111001
0110111010
0111000111
0111001000
0111001001
0111001010
0111001011
0111001100
0111001101
0111001110
0111001111
0111010000
0111010001
0111010010
0111010011
0111010100
0111010101
0111100011
0111100100
0111100101
0111100110
0111100111
0111101000
0111101001
0111101010
0111101011
0111101100
0111101101
0111101110
0111101111
0111110000
0111110001
1000000000
1000000001
1000000010
1000000011
1000000100
1000000101
1000000110
1000000111
1000001000
1000001001
1000001010
1000001011
1000001100
1000001101
1000011100
1000011110
1000011111
1000100000
1000100001
1000100010
1000100011
1000100100
1000100101
1000100110
1000100111
1000101000
1000101001
1000101010
1000101011
1000111000
1000111001
1000111010
1000111011
1000111100
1000111101
1000111110
1000111111
1001000000
1001000001
1001000010
1001000100
1001000101
1001000110
1001000111
1001010110
1001010111
1001011000
1001011001
1001011010
1001100001
1001100010
1001100011
0000000000
0000000000
0000000000
0000000000
0000000000
0000000000
0000000000
0000000000
0000000000
0000000000
0000000000
0000000000
0000000000
0000000000
0000000000
0000000000
0000000000
0000000000
0000000000
0000000000
0000000000
0000000000
0000000000
0000000000
0000000000
0000000000
0000000000
0000000000
0000000000
0000000000
0000000000
0000000000
0000000000
0000000000
0000000000
0000000000
0000000000
0000000000
0000000000
0000000000
0000000000
0000000000
0000000000
0000000000
0000000000
0000000000
0000000000
0000000000
0000000000
0000000000
0000000000
0000000000
0000000000
0000000000
0000000000
0000000000
0000000000
0000000000
0000000000
0000000000
0000000000
0000000000
0000000000
0000000000
0000000000
0000000000
0000000000
0000000000
0000000000
0000000000
0000000000
0000000000
0000000000
0000000000
0000000000
0000000000
0000000000
0000000000
0000000000
0000000000
0000000000
0000000000
0000000000
0000000000
0000000000
0000000000
0000000000
0000000000
0000000000
0000000000
0000000000
0000000000
0000000000
0000000000
0000000000
0000000000
0000000000
0000000000
0000000000
0000000000
0000000000
0000000000
0000000000
0000000000
0000000000
0000000000
0000000000
0000000000
0000000000
0000000000
0000000000
0000000000
0000000000
0000000000
0000000000
0000000000
0000000000
0000000000
0000000000
0000000000
0000000000
0000000000
0000000000
0000000000
0000000000
0000000000
0000000000
0000000000
0000000000
0000000000
0000000000
0000000000
0000000000
0000000000
0000000000
0000000000
0000000000
0000000000
0000000000
0000000000
0000000000
0000000000
0000000000
0000000000
0000000000
0000000000
0000000000
0000000000
0000000000
0000000000
0000000000
0000000000
0000000000
0000000000
0000000000
0000000000
0000000000
0000000000
0000000000
0000000000
0000000000
0000000000
0000000000
0000000000
0000000000
0000000000
0000000000
0000000000
0000000000
0000000000
0000000000
0000000000
0000000000
0000000000
0000000000
0000000000
0000000000
0000000000
0000000000
0000000000
0000000000
0000000000
0000000000
0000000000
0000000000
0000000000
0000000000
0000000000
0000000000
0000000000
0000000000
0000000000
0000000000
0000000000
0000000000
0000000000
0000000000
0000000000
0000000000
0000000000
0000000000
0000000000
0000000000
0000000000
0000000000
0000000000
0000000000
0000000000
0000000000
0000000000
0000000000
0000000000
0000000000
0000000000
0000000000
0000000000
0000000000
0000000000
0000000000
0000000000
0000000000
0000000000
0000000000
0000000000
0000000000
0000000000
0000000000
0000000000
0000000000
0000000000
0000000000
0000000000
0000000000
0000000000
0000000000
0000000000
0000000000
0000000000
0000000000
0000000000
0000000000
0000000000
0000000000
0000000000
0000000000
0000000000
0000000000
0000000000
0000000000
0000000000
0000000000
0000000000
0000000000
0000000000
0000000000
0000000000
0000000000
0000000000
0000000000
0000000000
0000000000
0000000000
0000000000
0000000000
0000000000
0000000000
0000000000
0000000000
0000000000
0000000000
0000000000
0000000000
0000000000
0000000000
0000000000
0000000000
0000000000
0000000000
0000000000
0000000000
0000000000
0000000000
0000000000
0000000000
0000000000
0000000000
0000000000
0000000000
0000000000
0000000000
0000000000
0000000000
0000000000
0000000000
0000000000
0000000000
0000000000
0000000000
0000000000
0000000000
0000000000
0000000000
0000000000
0000000000
0000000000
0000000000
0000000000
0000000000
0000000000
0000000000
0000000000
0000000000
0000000000
0000000000
0000000000
0000000000
0000000000
0000000000
0000000000
0000000000
0000000000
0000000000
0000000000
0000000000
0000000000
0000000000
0000000000
0000000000
0000000000
0000000000
0000000000
0000000000
0000000000
0000000000
0000000000
0000000000
0000000000
0000000000
0000000000
0000000000
0001000100
0001000101
0001000110
0001000111
0001001000
0001011111
0001100000
0001100001
0001100010
0001100011
0001100100
0001100101
0001100110
0001111010
0001111011
0001111100
0001111101
0001111110
0001111111
0010000000
0010000001
0010010111
0010011000
0010011001
0010011010
0010011011
0010011100
0010011101
0010011110
0010011111
0010100000
0010110010
0010110011
0010111001
0010111010
0010111011
0011010110
0011010111
0011110010
0011110011
0011110100
0011110101
0100001111
0100010000
0100010001
0100010010
0100101011
0100101100
0100101101
0101001000
0101001001
0101001010
0101100100
0101100101
0101100110
0101110100
0101110110
0101110111
0101111000
0101111001
0110000000
0110000001
0110000010
0110010000
0110010001
0110010010
0110010011
0110010100
0110010101
0110010110
0110010111
0110011000
0110011001
0110011010
0110011011
0110011100
0110011101
0110011110
0110101100
0110101101
0110101110
0110101111
0110110000
0110110001
0110110010
0110110011
0110110101
0110110110
0110110111
0110111000
0110111001
0110111010
0111000111
0111001000
0111001001
0111001010
0111001011
0111001100
0111001101
0111001110
0111001111
0111010000
0111010001
0111010010
0111010011
0111010100
0111010101
0111100011
0111100100
0111100101
0111100110
0111100111
0111101000
0111101001
0111101010
0111101011
0111101100
0111101101
0111101110
0111101111
0111110000
0111110001
1000000000
1000000001
1000000010
1000000011
1000000100
1000000101
1000000110
1000000111
1000001000
1000001001
1000001010
1000001011
1000001100
1000001101
1000001110
1000011101
1000011110
1000011111
1000100000
1000100001
1000100010
1000100011
1000100100
1000100101
1000100111
1000101000
1000101001
1000101010
1000111001
1000111010
1000111011
1000111100
1000111101
1000111110
1000111111
1001000000
1001000010
1001000101
1001000110
1001000111
1001010111
1001011000
1001011001
1001011010
1001011011
1001100001
1001100010
1001100011
1001100100
0000000000
0000000000
0000000000
0000000000
0000000000
0000000000
0000000000
0000000000
0000000000
0000000000
0000000000
0000000000
0000000000
0000000000
0000000000
0000000000
0000000000
0000000000
0000000000
0000000000
0000000000
0000000000
0000000000
0000000000
0000000000
0000000000
0000000000
0000000000
0000000000
0000000000
0000000000
0000000000
0000000000
0000000000
0000000000
0000000000
0000000000
0000000000
0000000000
0000000000
0000000000
0000000000
0000000000
0000000000
0000000000
0000000000
0000000000
0000000000
0000000000
0000000000
0000000000
0000000000
0000000000
0000000000
0000000000
0000000000
0000000000
0000000000
0000000000
0000000000
0000000000
0000000000
0000000000
0000000000
0000000000
0000000000
0000000000
0000000000
0000000000
0000000000
0000000000
0000000000
0000000000
0000000000
0000000000
0000000000
0000000000
0000000000
0000000000
0000000000
0000000000
0000000000
0000000000
0000000000
0000000000
0000000000
0000000000
0000000000
0000000000
0000000000
0000000000
0000000000
0000000000
0000000000
0000000000
0000000000
0000000000
0000000000
0000000000
0000000000
0000000000
0000000000
0000000000
0000000000
0000000000
0000000000
0000000000
0000000000
0000000000
0000000000
0000000000
0000000000
0000000000
0000000000
0000000000
0000000000
0000000000
0000000000
0000000000
0000000000
0000000000
0000000000
0000000000
0000000000
0000000000
0000000000
0000000000
0000000000
0000000000
0000000000
0000000000
0000000000
0000000000
0000000000
0000000000
0000000000
0000000000
0000000000
0000000000
0000000000
0000000000
0000000000
0000000000
0000000000
0000000000
0000000000
0000000000
0000000000
0000000000
0000000000
0000000000
0000000000
0000000000
0000000000
0000000000
0000000000
0000000000
0000000000
0000000000
0000000000
0000000000
0000000000
0000000000
0000000000
0000000000
0000000000
0000000000
0000000000
0000000000
0000000000
0000000000
0000000000
0000000000
0000000000
0000000000
0000000000
0000000000
0000000000
0000000000
0000000000
0000000000
0000000000
0000000000
0000000000
0000000000
0000000000
0000000000
0000000000
0000000000
0000000000
0000000000
0000000000
0000000000
0000000000
0000000000
0000000000
0000000000
0000000000
0000000000
0000000000
0000000000
0000000000
0000000000
0000000000
0000000000
0000000000
0000000000
0000000000
0000000000
0000000000
0000000000
0000000000
0000000000
0000000000
0000000000
0000000000
0000000000
0000000000
0000000000
0000000000
0000000000
0000000000
0000000000
0000000000
0000000000
0000000000
0000000000
0000000000
0000000000
0000000000
0000000000
0000000000
0000000000
0000000000
0000000000
0000000000
0000000000
0000000000
0000000000
0000000000
0000000000
0000000000
0000000000
0000000000
0000000000
0000000000
0000000000
0000000000
0000000000
0000000000
0000000000
0000000000
0000000000
0000000000
0000000000
0000000000
0000000000
0000000000
0000000000
0000000000
0000000000
0000000000
0000000000
0000000000
0000000000
0000000000
0000000000
0000000000
0000000000
0000000000
0000000000
0000000000
0000000000
0000000000
0000000000
0000000000
0000000000
0000000000
0000000000
0000000000
0000000000
0000000000
0000000000
0000000000
0000000000
0000000000
0000000000
0000000000
0000000000
0000000000
0000000000
0000000000
0000000000
0000000000
0000000000
0000000000
0000000000
0000000000
0000000000
0000000000
0000000000
0000000000
0000000000
0000000000
0000000000
0000000000
0000000000
0000000000
0000000000
0000000000
0000000000
0000000000
0000000000
0000000000
0000000000
0000000000
0000000000
0000000000
0000000000
0000000000
0000000000
0000000000
0000000000
0000000000
0000000000
0000000000
0000000000
0000000000
0000000000
0000000000
0000000000
0000000000
0000000000
0000000000
0000000000
0000000000
0000000000
0000000000
0000000000
0000000000
0000000000
0001000100
0001000101
0001000110
0001000111
0001011111
0001100000
0001100001
0001100010
0001100011
0001100100
0001100101
0001111011
0001111100
0001111101
0001111110
0001111111
0010000000
0010000001
0010000010
0010010111
0010011000
0010011001
0010011010
0010011011
0010011100
0010011101
0010011110
0010011111
0010110011
0010110100
0010111000
0010111001
0010111010
0010111011
0011001111
0011010101
0011010110
0011010111
0011011000
0011110011
0011110100
0100001111
0100010000
0100010001
0100010010
0100101100
0100101101
0100101110
0101001000
0101001001
0101001010
0101011100
0101100101
0101100110
0101110101
0101110110
0101111000
0101111001
0101111010
0110000000
0110000001
0110000010
0110010001
0110010010
0110010011
0110010100
0110010101
0110010110
0110010111
0110011000
0110011001
0110011011
0110011100
0110011101
0110011110
0110101011
0110101100
0110101101
0110101110
0110101111
0110110000
0110110001
0110110010
0110110011
0110110100
0110110101
0110110110
0110110111
0110111000
0110111001
0111000111
0111001000
0111001001
0111001010
0111001011
0111001100
0111001101
0111001110
0111001111
0111010000
0111010001
0111010010
0111010011
0111010100
0111010101
0111100011
0111100100
0111100101
0111100110
0111100111
0111101000
0111101001
0111101010
0111101011
0111101100
0111101101
0111101110
0111101111
0111110000
0111110001
0111110010
0111111111
1000000000
1000000001
1000000010
1000000011
1000000101
1000000110
1000000111
1000001000
1000001001
1000001010
1000001011
1000001100
1000001101
1000001110
1000011100
1000011101
1000011110
1000011111
1000100000
1000100001
1000100010
1000100011
1000100100
1000100101
1000100110
1000100111
1000101000
1000101001
1000101010
1000101011
1000111001
1000111010
1000111011
1000111100
1000111101
1000111110
1000111111
1001000000
1001000100
1001000101
1001000110
1001000111
1001010110
1001010111
1001011000
1001011001
1001011010
1001100001
1001100010
1001100011
1001100100
0000000000
0000000000
0000000000
0000000000
0000000000
0000000000
0000000000
0000000000
0000000000
0000000000
0000000000
0000000000
0000000000
0000000000
0000000000
0000000000
0000000000
0000000000
0000000000
0000000000
0000000000
0000000000
0000000000
0000000000
0000000000
0000000000
0000000000
0000000000
0000000000
0000000000
0000000000
0000000000
0000000000
0000000000
0000000000
0000000000
0000000000
0000000000
0000000000
0000000000
0000000000
0000000000
0000000000
0000000000
0000000000
0000000000
0000000000
0000000000
0000000000
0000000000
0000000000
0000000000
0000000000
0000000000
0000000000
0000000000
0000000000
0000000000
0000000000
0000000000
0000000000
0000000000
0000000000
0000000000
0000000000
0000000000
0000000000
0000000000
0000000000
0000000000
0000000000
0000000000
0000000000
0000000000
0000000000
0000000000
0000000000
0000000000
0000000000
0000000000
0000000000
0000000000
0000000000
0000000000
0000000000
0000000000
0000000000
0000000000
0000000000
0000000000
0000000000
0000000000
0000000000
0000000000
0000000000
0000000000
0000000000
0000000000
0000000000
0000000000
0000000000
0000000000
0000000000
0000000000
0000000000
0000000000
0000000000
0000000000
0000000000
0000000000
0000000000
0000000000
0000000000
0000000000
0000000000
0000000000
0000000000
0000000000
0000000000
0000000000
0000000000
0000000000
0000000000
0000000000
0000000000
0000000000
0000000000
0000000000
0000000000
0000000000
0000000000
0000000000
0000000000
0000000000
0000000000
0000000000
0000000000
0000000000
0000000000
0000000000
0000000000
0000000000
0000000000
0000000000
0000000000
0000000000
0000000000
0000000000
0000000000
0000000000
0000000000
0000000000
0000000000
0000000000
0000000000
0000000000
0000000000
0000000000
0000000000
0000000000
0000000000
0000000000
0000000000
0000000000
0000000000
0000000000
0000000000
0000000000
0000000000
0000000000
0000000000
0000000000
0000000000
0000000000
0000000000
0000000000
0000000000
0000000000
0000000000
0000000000
0000000000
0000000000
0000000000
0000000000
0000000000
0000000000
0000000000
0000000000
0000000000
0000000000
0000000000
0000000000
0000000000
0000000000
0000000000
0000000000
0000000000
0000000000
0000000000
0000000000
0000000000
0000000000
0000000000
0000000000
0000000000
0000000000
0000000000
0000000000
0000000000
0000000000
0000000000
0000000000
0000000000
0000000000
0000000000
0000000000
0000000000
0000000000
0000000000
0000000000
0000000000
0000000000
0000000000
0000000000
0000000000
0000000000
0000000000
0000000000
0000000000
0000000000
0000000000
0000000000
0000000000
0000000000
0000000000
0000000000
0000000000
0000000000
0000000000
0000000000
0000000000
0000000000
0000000000
0000000000
0000000000
0000000000
0000000000
0000000000
0000000000
0000000000
0000000000
0000000000
0000000000
0000000000
0000000000
0000000000
0000000000
0000000000
0000000000
0000000000
0000000000
0000000000
0000000000
0000000000
0000000000
0000000000
0000000000
0000000000
0000000000
0000000000
0000000000
0000000000
0000000000
0000000000
0000000000
0000000000
0000000000
0000000000
0000000000
0000000000
0000000000
0000000000
0000000000
0000000000
0000000000
0000000000
0000000000
0000000000
0000000000
0000000000
0000000000
0000000000
0000000000
0000000000
0000000000
0000000000
0000000000
0000000000
0000000000
0000000000
0000000000
0000000000
0000000000
0000000000
0000000000
0000000000
0000000000
0000000000
0000000000
0000000000
0000000000
0000000000
0000000000
0000000000
0000000000
0000000000
0000000000
0000000000
0000000000
0000000000
0000000000
0000000000
0000000000
0000000000
0000000000
0000000000
0000000000
0000000000
0000000000
0000000000
0000000000
0000000000
0000000000
0000000000
0000000000
0000000000
0000000000
0000000000
0000000000
0001000011
0001000100
0001000101
0001000110
0001001000
0001011111
0001100000
0001100001
0001100010
0001100011
0001100100
0001100101
0001111011
0001111100
0001111101
0001111110
0001111111
0010000000
0010000001
0010000010
0010000011
0010010111
0010011000
0010011001
0010011010
0010011011
0010011100
0010011101
0010011110
0010011111
0010100000
0010110010
0010110011
0010111001
0010111010
0010111011
0011010110
0011010111
0011011000
0011110010
0011110011
0011110100
0011110101
0100010000
0100010001
0100010010
0100101100
0100101101
0100101110
0101001001
0101001010
0101011010
0101100100
0101100101
0101100110
0101110101
0101110110
0101110111
0101111000
0101111001
0101111010
0101111111
0110000000
0110000001
0110010001
0110010010
0110010011
0110010100
0110010101
0110010110
0110010111
0110011001
0110011011
0110011100
0110011101
0110011110
0110101100
0110101101
0110101110
0110101111
0110110000
0110110001
0110110010
0110110011
0110110100
0110110101
0110110110
0110110111
0110111000
0110111001
0110111010
0111001000
0111001001
0111001010
0111001011
0111001100
0111001101
0111001110
0111001111
0111010000
0111010001
0111010010
0111010011
0111010100
0111010101
0111010110
0111100011
0111100100
0111100101
0111100110
0111100111
0111101000
0111101001
0111101010
0111101011
0111101100
0111101101
0111101110
0111101111
0111110000
0111110001
1000000000
1000000001
1000000010
1000000011
1000000100
1000000101
1000000110
1000000111
1000001000
1000001001
1000001010
1000001011
1000001100
1000001101
1000001110
1000011100
1000011101
1000011110
1000011111
1000100000
1000100001
1000100010
1000100011
1000100100
1000100101
1000100111
1000101000
1000101001
1000101010
1000101011
1000111010
1000111011
1000111100
1000111101
1000111110
1000111111
1001000000
1001000001
1001000010
1001000100
1001000101
1001000110
1001000111
1001001000
1001010110
1001010111
1001011000
1001011001
1001011010
1001100001
1001100010
1001100011
1001100100
0000000000
0000000000
0000000000
0000000000
0000000000
0000000000
0000000000
0000000000
0000000000
0000000000
0000000000
0000000000
0000000000
0000000000
0000000000
0000000000
0000000000
0000000000
0000000000
0000000000
0000000000
0000000000
0000000000
0000000000
0000000000
0000000000
0000000000
0000000000
0000000000
0000000000
0000000000
0000000000
0000000000
0000000000
0000000000
0000000000
0000000000
0000000000
0000000000
0000000000
0000000000
0000000000
0000000000
0000000000
0000000000
0000000000
0000000000
0000000000
0000000000
0000000000
0000000000
0000000000
0000000000
0000000000
0000000000
0000000000
0000000000
0000000000
0000000000
0000000000
0000000000
0000000000
0000000000
0000000000
0000000000
0000000000
0000000000
0000000000
0000000000
0000000000
0000000000
0000000000
0000000000
0000000000
0000000000
0000000000
0000000000
0000000000
0000000000
0000000000
0000000000
0000000000
0000000000
0000000000
0000000000
0000000000
0000000000
0000000000
0000000000
0000000000
0000000000
0000000000
0000000000
0000000000
0000000000
0000000000
0000000000
0000000000
0000000000
0000000000
0000000000
0000000000
0000000000
0000000000
0000000000
0000000000
0000000000
0000000000
0000000000
0000000000
0000000000
0000000000
0000000000
0000000000
0000000000
0000000000
0000000000
0000000000
0000000000
0000000000
0000000000
0000000000
0000000000
0000000000
0000000000
0000000000
0000000000
0000000000
0000000000
0000000000
0000000000
0000000000
0000000000
0000000000
0000000000
0000000000
0000000000
0000000000
0000000000
0000000000
0000000000
0000000000
0000000000
0000000000
0000000000
0000000000
0000000000
0000000000
0000000000
0000000000
0000000000
0000000000
0000000000
0000000000
0000000000
0000000000
0000000000
0000000000
0000000000
0000000000
0000000000
0000000000
0000000000
0000000000
0000000000
0000000000
0000000000
0000000000
0000000000
0000000000
0000000000
0000000000
0000000000
0000000000
0000000000
0000000000
0000000000
0000000000
0000000000
0000000000
0000000000
0000000000
0000000000
0000000000
0000000000
0000000000
0000000000
0000000000
0000000000
0000000000
0000000000
0000000000
0000000000
0000000000
0000000000
0000000000
0000000000
0000000000
0000000000
0000000000
0000000000
0000000000
0000000000
0000000000
0000000000
0000000000
0000000000
0000000000
0000000000
0000000000
0000000000
0000000000
0000000000
0000000000
0000000000
0000000000
0000000000
0000000000
0000000000
0000000000
0000000000
0000000000
0000000000
0000000000
0000000000
0000000000
0000000000
0000000000
0000000000
0000000000
0000000000
0000000000
0000000000
0000000000
0000000000
0000000000
0000000000
0000000000
0000000000
0000000000
0000000000
0000000000
0000000000
0000000000
0000000000
0000000000
0000000000
0000000000
0000000000
0000000000
0000000000
0000000000
0000000000
0000000000
0000000000
0000000000
0000000000
0000000000
0000000000
0000000000
0000000000
0000000000
0000000000
0000000000
0000000000
0000000000
0000000000
0000000000
0000000000
0000000000
0000000000
0000000000
0000000000
0000000000
0000000000
0000000000
0000000000
0000000000
0000000000
0000000000
0000000000
0000000000
0000000000
0000000000
0000000000
0000000000
0000000000
0000000000
0000000000
0000000000
0000000000
0000000000
0000000000
0000000000
0000000000
0000000000
0000000000
0000000000
0000000000
0000000000
0000000000
0000000000
0000000000
0000000000
0000000000
0000000000
0000000000
0000000000
0000000000
0000000000
0000000000
0000000000
0000000000
0000000000
0000000000
0000000000
0000000000
0000000000
0000000000
0000000000
0000000000
0000000000
0000000000
0000000000
0000000000
0000000000
0000000000
0000000000
0000000000
0000000000
0000000000
0000000000
0000000000
0000000000
0000000000
0000000000
0000000000
0000000000
0001000011
0001000100
0001000101
0001000110
0001000111
0001011110
0001011111
0001100000
0001100001
0001100010
0001100011
0001100100
0001100101
0001111011
0001111100
0001111101
0001111110
0010000000
0010000001
0010000010
0010010110
0010010111
0010011000
0010011001
0010011010
0010011011
0010011100
0010011101
0010011110
0010011111
0010110010
0010110011
0010110100
0010111001
0010111010
0010111011
0010111100
0011010101
0011010110
0011010111
0011011000
0011110011
0011110100
0011110101
0100001111
0100010000
0100010001
0100010010
0100101100
0100101101
0101001000
0101001001
0101100100
0101100101
0101100110
0101110110
0101110111
0101111000
0101111001
0101111010
0110000000
0110000001
0110010000
0110010001
0110010010
0110010011
0110010100
0110010101
0110010110
0110010111
0110011000
0110011001
0110011011
0110011100
0110011101
0110011110
0110101100
0110101101
0110101110
0110101111
0110110000
0110110001
0110110010
0110110011
0110110100
0110110101
0110110110
0110110111
0110111000
0110111001
0110111010
0111001000
0111001001
0111001010
0111001011
0111001100
0111001101
0111001110
0111001111
0111010000
0111010001
0111010010
0111010011
0111010100
0111010101
0111010110
0111100011
0111100100
0111100101
0111100110
0111100111
0111101000
0111101001
0111101010
0111101011
0111101100
0111101101
0111101110
0111101111
0111110000
0111110001
0111110010
0111111111
1000000000
1000000001
1000000010
1000000011
1000000100
1000000101
1000000110
1000000111
1000001000
1000001001
1000001010
1000001011
1000001100
1000001101
1000001110
1000011101
1000011110
1000011111
1000100000
1000100001
1000100010
1000100011
1000100100
1000100101
1000100111
1000101000
1000101001
1000101010
1000111001
1000111010
1000111011
1000111100
1000111101
1000111110
1000111111
1001000001
1001000101
1001000110
1001000111
1001010110
1001010111
1001011000
1001011001
1001011010
1001011011
1001100001
1001100010
1001100011
1001100100
0000000000
0000000000
0000000000
0000000000
0000000000
0000000000
0000000000
0000000000
0000000000
0000000000
0000000000
0000000000
0000000000
0000000000
0000000000
0000000000
0000000000
0000000000
0000000000
0000000000
0000000000
0000000000
0000000000
0000000000
0000000000
0000000000
0000000000
0000000000
0000000000
0000000000
0000000000
0000000000
0000000000
0000000000
0000000000
0000000000
0000000000
0000000000
0000000000
0000000000
0000000000
0000000000
0000000000
0000000000
0000000000
0000000000
0000000000
0000000000
0000000000
0000000000
0000000000
0000000000
0000000000
0000000000
0000000000
0000000000
0000000000
0000000000
0000000000
0000000000
0000000000
0000000000
0000000000
0000000000
0000000000
0000000000
0000000000
0000000000
0000000000
0000000000
0000000000
0000000000
0000000000
0000000000
0000000000
0000000000
0000000000
0000000000
0000000000
0000000000
0000000000
0000000000
0000000000
0000000000
0000000000
0000000000
0000000000
0000000000
0000000000
0000000000
0000000000
0000000000
0000000000
0000000000
0000000000
0000000000
0000000000
0000000000
0000000000
0000000000
0000000000
0000000000
0000000000
0000000000
0000000000
0000000000
0000000000
0000000000
0000000000
0000000000
0000000000
0000000000
0000000000
0000000000
0000000000
0000000000
0000000000
0000000000
0000000000
0000000000
0000000000
0000000000
0000000000
0000000000
0000000000
0000000000
0000000000
0000000000
0000000000
0000000000
0000000000
0000000000
0000000000
0000000000
0000000000
0000000000
0000000000
0000000000
0000000000
0000000000
0000000000
0000000000
0000000000
0000000000
0000000000
0000000000
0000000000
0000000000
0000000000
0000000000
0000000000
0000000000
0000000000
0000000000
0000000000
0000000000
0000000000
0000000000
0000000000
0000000000
0000000000
0000000000
0000000000
0000000000
0000000000
0000000000
0000000000
0000000000
0000000000
0000000000
0000000000
0000000000
0000000000
0000000000
0000000000
0000000000
0000000000
0000000000
0000000000
0000000000
0000000000
0000000000
0000000000
0000000000
0000000000
0000000000
0000000000
0000000000
0000000000
0000000000
0000000000
0000000000
0000000000
0000000000
0000000000
0000000000
0000000000
0000000000
0000000000
0000000000
0000000000
0000000000
0000000000
0000000000
0000000000
0000000000
0000000000
0000000000
0000000000
0000000000
0000000000
0000000000
0000000000
0000000000
0000000000
0000000000
0000000000
0000000000
0000000000
0000000000
0000000000
0000000000
0000000000
0000000000
0000000000
0000000000
0000000000
0000000000
0000000000
0000000000
0000000000
0000000000
0000000000
0000000000
0000000000
0000000000
0000000000
0000000000
0000000000
0000000000
0000000000
0000000000
0000000000
0000000000
0000000000
0000000000
0000000000
0000000000
0000000000
0000000000
0000000000
0000000000
0000000000
0000000000
0000000000
0000000000
0000000000
0000000000
0000000000
0000000000
0000000000
0000000000
0000000000
0000000000
0000000000
0000000000
0000000000
0000000000
0000000000
0000000000
0000000000
0000000000
0000000000
0000000000
0000000000
0000000000
0000000000
0000000000
0000000000
0000000000
0000000000
0000000000
0000000000
0000000000
0000000000
0000000000
0000000000
0000000000
0000000000
0000000000
0000000000
0000000000
0000000000
0000000000
0000000000
0000000000
0000000000
0000000000
0000000000
0000000000
0000000000
0000000000
0000000000
0000000000
0000000000
0000000000
0000000000
0000000000
0000000000
0000000000
0000000000
0000000000
0000000000
0000000000
0000000000
0000000000
0000000000
0000000000
0000000000
0000000000
0000000000
0000000000
0000000000
0000000000
0000000000
0000000000
0000000000
0000000000
0000000000
0000000000
0000000000
0000000000
0000000000
0000000000
0000000000
0000000000
0000000000
0000000000
0000000000
0000000000
0001000100
0001000101
0001000110
0001001000
0001011111
0001100000
0001100001
0001100010
0001100011
0001100100
0001100101
0001100110
0001111011
0001111100
0001111101
0001111110
0001111111
0010000000
0010000001
0010000010
0010010110
0010010111
0010011000
0010011001
0010011010
0010011011
0010011100
0010011101
0010011110
0010011111
0010110010
0010110011
0010111001
0010111010
0010111011
0011010100
0011010111
0011011000
0011110011
0011110100
0011110101
0100001111
0100010000
0100010001
0100101100
0100101101
0101001001
0101001010
0101100100
0101100101
0101110101
0101110111
0101111000
0101111010
0101111111
0110000001
0110000010
0110010000
0110010001
0110010010
0110010011
0110010100
0110010101
0110010110
0110010111
0110011000
0110011001
0110011010
0110011011
0110011100
0110011101
0110101100
0110101101
0110101110
0110101111
0110110000
0110110001
0110110010
0110110011
0110110100
0110110101
0110110110
0110110111
0110111000
0110111001
0111000111
0111001000
0111001001
0111001010
0111001011
0111001100
0111001101
0111001110
0111001111
0111010000
0111010001
0111010010
0111010011
0111010100
0111010101
0111100100
0111100101
0111100110
0111100111
0111101000
0111101001
0111101010
0111101011
0111101100
0111101101
0111101110
0111101111
0111110000
0111110001
1000000000
1000000001
1000000010
1000000011
1000000100
1000000101
1000000110
1000000111
1000001000
1000001001
1000001010
1000001011
1000001100
1000001101
1000001110
1000011101
1000011110
1000011111
1000100000
1000100001
1000100010
1000100011
1000100100
1000100101
1000100110
1000101000
1000101001
1000101010
1000111001
1000111010
1000111011
1000111100
1000111101
1000111110
1000111111
1001000000
1001000001
1001000010
1001000101
1001000110
1001000111
1001010110
1001010111
1001011000
1001011001
1001011010
1001011011
1001100001
1001100010
1001100011
1001100100
0000000000
0000000000
0000000000
0000000000
0000000000
0000000000
0000000000
0000000000
0000000000
0000000000
0000000000
0000000000
0000000000
0000000000
0000000000
0000000000
0000000000
0000000000
0000000000
0000000000
0000000000
0000000000
0000000000
0000000000
0000000000
0000000000
0000000000
0000000000
0000000000
0000000000
0000000000
0000000000
0000000000
0000000000
0000000000
0000000000
0000000000
0000000000
0000000000
0000000000
0000000000
0000000000
0000000000
0000000000
0000000000
0000000000
0000000000
0000000000
0000000000
0000000000
0000000000
0000000000
0000000000
0000000000
0000000000
0000000000
0000000000
0000000000
0000000000
0000000000
0000000000
0000000000
0000000000
0000000000
0000000000
0000000000
0000000000
0000000000
0000000000
0000000000
0000000000
0000000000
0000000000
0000000000
0000000000
0000000000
0000000000
0000000000
0000000000
0000000000
0000000000
0000000000
0000000000
0000000000
0000000000
0000000000
0000000000
0000000000
0000000000
0000000000
0000000000
0000000000
0000000000
0000000000
0000000000
0000000000
0000000000
0000000000
0000000000
0000000000
0000000000
0000000000
0000000000
0000000000
0000000000
0000000000
0000000000
0000000000
0000000000
0000000000
0000000000
0000000000
0000000000
0000000000
0000000000
0000000000
0000000000
0000000000
0000000000
0000000000
0000000000
0000000000
0000000000
0000000000
0000000000
0000000000
0000000000
0000000000
0000000000
0000000000
0000000000
0000000000
0000000000
0000000000
0000000000
0000000000
0000000000
0000000000
0000000000
0000000000
0000000000
0000000000
0000000000
0000000000
0000000000
0000000000
0000000000
0000000000
0000000000
0000000000
0000000000
0000000000
0000000000
0000000000
0000000000
0000000000
0000000000
0000000000
0000000000
0000000000
0000000000
0000000000
0000000000
0000000000
0000000000
0000000000
0000000000
0000000000
0000000000
0000000000
0000000000
0000000000
0000000000
0000000000
0000000000
0000000000
0000000000
0000000000
0000000000
0000000000
0000000000
0000000000
0000000000
0000000000
0000000000
0000000000
0000000000
0000000000
0000000000
0000000000
0000000000
0000000000
0000000000
0000000000
0000000000
0000000000
0000000000
0000000000
0000000000
0000000000
0000000000
0000000000
0000000000
0000000000
0000000000
0000000000
0000000000
0000000000
0000000000
0000000000
0000000000
0000000000
0000000000
0000000000
0000000000
0000000000
0000000000
0000000000
0000000000
0000000000
0000000000
0000000000
0000000000
0000000000
0000000000
0000000000
0000000000
0000000000
0000000000
0000000000
0000000000
0000000000
0000000000
0000000000
0000000000
0000000000
0000000000
0000000000
0000000000
0000000000
0000000000
0000000000
0000000000
0000000000
0000000000
0000000000
0000000000
0000000000
0000000000
0000000000
0000000000
0000000000
0000000000
0000000000
0000000000
0000000000
0000000000
0000000000
0000000000
0000000000
0000000000
0000000000
0000000000
0000000000
0000000000
0000000000
0000000000
0000000000
0000000000
0000000000
0000000000
0000000000
0000000000
0000000000
0000000000
0000000000
0000000000
0000000000
0000000000
0000000000
0000000000
0000000000
0000000000
0000000000
0000000000
0000000000
0000000000
0000000000
0000000000
0000000000
0000000000
0000000000
0000000000
0000000000
0000000000
0000000000
0000000000
0000000000
0000000000
0000000000
0000000000
0000000000
0000000000
0000000000
0000000000
0000000000
0000000000
0000000000
0000000000
0000000000
0000000000
0000000000
0000000000
0000000000
0000000000
0000000000
0000000000
0000000000
0000000000
0000000000
0000000000
0000000000
0000000000
0000000000
0000000000
0000000000
0000000000
0000000000
0000000000
0000000000
0000000000
0000000000
0000000000
0000000000
0000000000
0000000000
0000000000
0000000000
0000000000
0000000000
0000000000
0000000000
0000000000
0000000000
0000000000
0000000000
0000000000
0001000100
0001000101
0001000110
0001011111
0001100000
0001100001
0001100010
0001100011
0001100100
0001111010
0001111011
0001111100
0001111101
0001111110
0001111111
0010000000
0010000001
0010000010
0010010110
0010010111
0010011000
0010011001
0010011010
0010011011
0010011100
0010011101
0010011110
0010011111
0010110010
0010111001
0010111010
0010111011
0011001110
0011010110
0011010111
0011011000
0011110010
0011110011
0011110100
0011110101
0100001111
0100010000
0100010001
0100101100
0100101101
0100101110
0101001000
0101001001
0101001010
0101011010
0101100101
0101110110
0101110111
0101111000
0110000000
0110010000
0110010001
0110010010
0110010011
0110010100
0110010101
0110010110
0110010111
0110011000
0110011001
0110011010
0110011011
0110011100
0110011101
0110011110
0110101100
0110101101
0110101110
0110101111
0110110000
0110110001
0110110010
0110110011
0110110100
0110110101
0110110110
0110110111
0110111000
0110111001
0111000111
0111001000
0111001001
0111001010
0111001011
0111001100
0111001110
0111001111
0111010000
0111010001
0111010010
0111010011
0111010100
0111010101
0111100011
0111100100
0111100101
0111100110
0111100111
0111101000
0111101001
0111101010
0111101011
0111101100
0111101101
0111101110
0111101111
0111110000
0111110001
1000000000
1000000001
1000000010
1000000011
1000000100
1000000101
1000000110
1000000111
1000001000
1000001001
1000001010
1000001011
1000001100
1000001101
1000011100
1000011101
1000011110
1000011111
1000100000
1000100001
1000100010
1000100011
1000100100
1000100101
1000100110
1000100111
1000101000
1000101001
1000101010
1000101011
1000111001
1000111010
1000111011
1000111100
1000111101
1000111110
1000111111
1001000000
1001000001
1001000100
1001000101
1001000110
1001000111
1001001000
1001010110
1001010111
1001011000
1001011001
1001011010
1001011011
1001100010
1001100011
0000000000
0000000000
0000000000
0000000000
0000000000
0000000000
0000000000
0000000000
0000000000
0000000000
0000000000
0000000000
0000000000
0000000000
0000000000
0000000000
0000000000
0000000000
0000000000
0000000000
0000000000
0000000000
0000000000
0000000000
0000000000
0000000000
0000000000
0000000000
0000000000
0000000000
0000000000
0000000000
0000000000
0000000000
0000000000
0000000000
0000000000
0000000000
0000000000
0000000000
0000000000
0000000000
0000000000
0000000000
0000000000
0000000000
0000000000
0000000000
0000000000
0000000000
0000000000
0000000000
0000000000
0000000000
0000000000
0000000000
0000000000
0000000000
0000000000
0000000000
0000000000
0000000000
0000000000
0000000000
0000000000
0000000000
0000000000
0000000000
0000000000
0000000000
0000000000
0000000000
0000000000
0000000000
0000000000
0000000000
0000000000
0000000000
0000000000
0000000000
0000000000
0000000000
0000000000
0000000000
0000000000
0000000000
0000000000
0000000000
0000000000
0000000000
0000000000
0000000000
0000000000
0000000000
0000000000
0000000000
0000000000
0000000000
0000000000
0000000000
0000000000
0000000000
0000000000
0000000000
0000000000
0000000000
0000000000
0000000000
0000000000
0000000000
0000000000
0000000000
0000000000
0000000000
0000000000
0000000000
0000000000
0000000000
0000000000
0000000000
0000000000
0000000000
0000000000
0000000000
0000000000
0000000000
0000000000
0000000000
0000000000
0000000000
0000000000
0000000000
0000000000
0000000000
0000000000
0000000000
0000000000
0000000000
0000000000
0000000000
0000000000
0000000000
0000000000
0000000000
0000000000
0000000000
0000000000
0000000000
0000000000
0000000000
0000000000
0000000000
0000000000
0000000000
0000000000
0000000000
0000000000
0000000000
0000000000
0000000000
0000000000
0000000000
0000000000
0000000000
0000000000
0000000000
0000000000
0000000000
0000000000
0000000000
0000000000
0000000000
0000000000
0000000000
0000000000
0000000000
0000000000
0000000000
0000000000
0000000000
0000000000
0000000000
0000000000
0000000000
0000000000
0000000000
0000000000
0000000000
0000000000
0000000000
0000000000
0000000000
0000000000
0000000000
0000000000
0000000000
0000000000
0000000000
0000000000
0000000000
0000000000
0000000000
0000000000
0000000000
0000000000
0000000000
0000000000
0000000000
0000000000
0000000000
0000000000
0000000000
0000000000
0000000000
0000000000
0000000000
0000000000
0000000000
0000000000
0000000000
0000000000
0000000000
0000000000
0000000000
0000000000
0000000000
0000000000
0000000000
0000000000
0000000000
0000000000
0000000000
0000000000
0000000000
0000000000
0000000000
0000000000
0000000000
0000000000
0000000000
0000000000
0000000000
0000000000
0000000000
0000000000
0000000000
0000000000
0000000000
0000000000
0000000000
0000000000
0000000000
0000000000
0000000000
0000000000
0000000000
0000000000
0000000000
0000000000
0000000000
0000000000
0000000000
0000000000
0000000000
0000000000
0000000000
0000000000
0000000000
0000000000
0000000000
0000000000
0000000000
0000000000
0000000000
0000000000
0000000000
0000000000
0000000000
0000000000
0000000000
0000000000
0000000000
0000000000
0000000000
0000000000
0000000000
0000000000
0000000000
0000000000
0000000000
0000000000
0000000000
0000000000
0000000000
0000000000
0000000000
0000000000
0000000000
0000000000
0000000000
0000000000
0000000000
0000000000
0000000000
0000000000
0000000000
0000000000
0000000000
0000000000
0000000000
0000000000
0000000000
0000000000
0000000000
0000000000
0000000000
0000000000
0000000000
0000000000
0000000000
0000000000
0000000000
0000000000
0000000000
0000000000
0000000000
0000000000
0000000000
0000000000
0000000000
0000000000
0000000000
0000000000
0000000000
0000000000
0000000000
0000000000
0000000000
0000000000
0000000000
0000000000
0000000000
0000000000
0000000000
0000000000
0000000000
0000000000
0001000011
0001000100
0001000101
0001000110
0001000111
0001001000
0001011110
0001011111
0001100000
0001100001
0001100010
0001100011
0001100100
0001100101
0001100110
0001111011
0001111100
0001111101
0001111110
0001111111
0010000000
0010000001
0010000010
0010010110
0010010111
0010011000
0010011001
0010011010
0010011011
0010011100
0010011101
0010011110
0010011111
0010110010
0010110011
0010110100
0010111000
0010111001
0010111010
0011010110
0011010111
0011110010
0011110011
0011110100
0100010000
0100010001
0100010010
0100101100
0100101101
0100101110
0101001000
0101001001
0101001010
0101100100
0101100101
0101100110
0101110101
0101110110
0101110111
0101111001
0101111010
0110000000
0110000001
0110010000
0110010001
0110010010
0110010011
0110010100
0110010101
0110010110
0110010111
0110011000
0110011001
0110011010
0110011011
0110011100
0110011101
0110011110
0110101100
0110101101
0110101110
0110101111
0110110000
0110110001
0110110010
0110110011
0110110100
0110110101
0110110110
0110110111
0110111000
0110111001
0110111010
0111001000
0111001001
0111001010
0111001011
0111001100
0111001101
0111001110
0111001111
0111010000
0111010001
0111010011
0111010100
0111010101
0111010110
0111100011
0111100100
0111100101
0111100110
0111100111
0111101000
0111101001
0111101010
0111101011
0111101100
0111101101
0111101110
0111101111
0111110000
0111110001
1000000000
1000000001
1000000010
1000000011
1000000100
1000000101
1000000110
1000000111
1000001000
1000001001
1000001010
1000001011
1000001100
1000001101
1000011101
1000011110
1000011111
1000100000
1000100001
1000100010
1000100011
1000100100
1000100101
1000100110
1000100111
1000101000
1000101001
1000101010
1000101011
1000111001
1000111010
1000111011
1000111100
1000111101
1000111110
1000111111
1001000000
1001000001
1001000010
1001000100
1001000101
1001000110
1001000111
1001010111
1001011000
1001011001
1001011010
1001011011
1001100001
1001100010
1001100011
1001100100
0000000000
0000000000
0000000000
0000000000
0000000000
0000000000
0000000000
0000000000
0000000000
0000000000
0000000000
0000000000
0000000000
0000000000
0000000000
0000000000
0000000000
0000000000
0000000000
0000000000
0000000000
0000000000
0000000000
0000000000
0000000000
0000000000
0000000000
0000000000
0000000000
0000000000
0000000000
0000000000
0000000000
0000000000
0000000000
0000000000
0000000000
0000000000
0000000000
0000000000
0000000000
0000000000
0000000000
0000000000
0000000000
0000000000
0000000000
0000000000
0000000000
0000000000
0000000000
0000000000
0000000000
0000000000
0000000000
0000000000
0000000000
0000000000
0000000000
0000000000
0000000000
0000000000
0000000000
0000000000
0000000000
0000000000
0000000000
0000000000
0000000000
0000000000
0000000000
0000000000
0000000000
0000000000
0000000000
0000000000
0000000000
0000000000
0000000000
0000000000
0000000000
0000000000
0000000000
0000000000
0000000000
0000000000
0000000000
0000000000
0000000000
0000000000
0000000000
0000000000
0000000000
0000000000
0000000000
0000000000
0000000000
0000000000
0000000000
0000000000
0000000000
0000000000
0000000000
0000000000
0000000000
0000000000
0000000000
0000000000
0000000000
0000000000
0000000000
0000000000
0000000000
0000000000
0000000000
0000000000
0000000000
0000000000
0000000000
0000000000
0000000000
0000000000
0000000000
0000000000
0000000000
0000000000
0000000000
0000000000
0000000000
0000000000
0000000000
0000000000
0000000000
0000000000
0000000000
0000000000
0000000000
0000000000
0000000000
0000000000
0000000000
0000000000
0000000000
0000000000
0000000000
0000000000
0000000000
0000000000
0000000000
0000000000
0000000000
0000000000
0000000000
0000000000
0000000000
0000000000
0000000000
0000000000
0000000000
0000000000
0000000000
0000000000
0000000000
0000000000
0000000000
0000000000
0000000000
0000000000
0000000000
0000000000
0000000000
0000000000
0000000000
0000000000
0000000000
0000000000
0000000000
0000000000
0000000000
0000000000
0000000000
0000000000
0000000000
0000000000
0000000000
0000000000
0000000000
0000000000
0000000000
0000000000
0000000000
0000000000
0000000000
0000000000
0000000000
0000000000
0000000000
0000000000
0000000000
0000000000
0000000000
0000000000
0000000000
0000000000
0000000000
0000000000
0000000000
0000000000
0000000000
0000000000
0000000000
0000000000
0000000000
0000000000
0000000000
0000000000
0000000000
0000000000
0000000000
0000000000
0000000000
0000000000
0000000000
0000000000
0000000000
0000000000
0000000000
0000000000
0000000000
0000000000
0000000000
0000000000
0000000000
0000000000
0000000000
0000000000
0000000000
0000000000
0000000000
0000000000
0000000000
0000000000
0000000000
0000000000
0000000000
0000000000
0000000000
0000000000
0000000000
0000000000
0000000000
0000000000
0000000000
0000000000
0000000000
0000000000
0000000000
0000000000
0000000000
0000000000
0000000000
0000000000
0000000000
0000000000
0000000000
0000000000
0000000000
0000000000
0000000000
0000000000
0000000000
0000000000
0000000000
0000000000
0000000000
0000000000
0000000000
0000000000
0000000000
0000000000
0000000000
0000000000
0000000000
0000000000
0000000000
0000000000
0000000000
0000000000
0000000000
0000000000
0000000000
0000000000
0000000000
0000000000
0000000000
0000000000
0000000000
0000000000
0000000000
0000000000
0000000000
0000000000
0000000000
0000000000
0000000000
0000000000
0000000000
0000000000
0000000000
0000000000
0000000000
0000000000
0000000000
0000000000
0000000000
0000000000
0000000000
0000000000
0000000000
0000000000
0000000000
0000000000
0000000000
0000000000
0000000000
0000000000
0000000000
0000000000
0000000000
0000000000
0000000000
0000000000
0000000000
0000000000
0000000000
0000000000
0000000000
0000000000
