0010111110
0010111001
0010110110
0011000000
0010111111
0011000000
0010111110
0010111111
0011000001
0011000000
0010010111
0010011000
0010011001
0010011010
0010011011
0010011100
0010011110
0010110001
0010110011
0010110100
0010110101
0010110110
0010110111
0010111000
0010111001
0010111010
0010111011
0011001110
0011001111
0011010000
0011010001
0011010010
0011010011
0011010100
0011010101
0011010110
0011010111
0011101001
0011101010
0011101011
0011101100
0011101101
0011101110
0011101111
0011110000
0011110001
0011110010
0011110011
0011110100
0100000100
0100000101
0100000110
0100000111
0100001001
0100001010
0100001011
0100001101
0100001110
0100001111
0100010000
0100100000
0100100001
0100100010
0100100011
0100100100
0100100101
0100100110
0100101010
0100101011
0100101100
0100101101
0100111011
0100111100
0100111101
0100111110
0101000001
0101000010
0101001000
0101001001
0101001010
0101001011
0101010110
0101010111
0101011000
0101011001
0101100100
0101100101
0101100110
0101110010
0101110011
0101110100
0101110101
0101110110
0110000001
0110000010
0110000011
0110001110
0110001111
0110010000
0110010001
0110011101
0110011110
0110011111
0110100000
0110101010
0110101011
0110101100
0110101101
0110111001
0110111010
0110111011
0110111100
0111000110
0111000111
0111001000
0111001001
0111010101
0111010110
0111010111
0111100010
0111100011
0111100100
0111100101
0111110010
0111110011
0111110100
0111110101
0111111111
1000000000
1000000001
1000000010
1000000011
1000001100
1000001101
1000001110
1000001111
1000010000
1000010001
1000011011
1000011100
1000011101
1000011110
1000011111
1000100000
1000100001
1000100110
1000101000
1000101001
1000101010
1000101011
1000101100
1000111001
1000111010
1000111011
1000111100
1000111101
1000111110
1000111111
1001000000
1001000001
1001000010
1001000011
1001000100
1001000101
1001000110
1001000111
1001001000
1001010110
1001010111
1001011000
1001011001
1001011010
1001011011
1001011100
1001011101
1001011110
1001011111
1001100000
1001100001
1001100010
1001110011
1001110100
1001110101
1001110110
1001110111
1001111000
1001111001
1001111010
1001111011
1001111100
1001111101
1001111111
1010001111
1010010001
1010010010
1010010011
1010010100
1010010101
1010010110
1010010111
0000000000
0000000000
0000000000
0000000000
0000000000
0000000000
0000000000
0000000000
0000000000
0000000000
0000000000
0000000000
0000000000
0000000000
0000000000
0000000000
0000000000
0000000000
0000000000
0000000000
0000000000
0000000000
0000000000
0000000000
0000000000
0000000000
0000000000
0000000000
0000000000
0000000000
0000000000
0000000000
0000000000
0000000000
0000000000
0000000000
0000000000
0000000000
0000000000
0000000000
0000000000
0000000000
0000000000
0000000000
0000000000
0000000000
0000000000
0000000000
0000000000
0000000000
0000000000
0000000000
0000000000
0000000000
0000000000
0000000000
0000000000
0000000000
0000000000
0000000000
0000000000
0000000000
0000000000
0000000000
0000000000
0000000000
0000000000
0000000000
0000000000
0000000000
0000000000
0000000000
0000000000
0000000000
0000000000
0000000000
0000000000
0000000000
0000000000
0000000000
0000000000
0000000000
0000000000
0000000000
0000000000
0000000000
0000000000
0000000000
0000000000
0000000000
0000000000
0000000000
0000000000
0000000000
0000000000
0000000000
0000000000
0000000000
0000000000
0000000000
0000000000
0000000000
0000000000
0000000000
0000000000
0000000000
0000000000
0000000000
0000000000
0000000000
0000000000
0000000000
0000000000
0000000000
0000000000
0000000000
0000000000
0000000000
0000000000
0000000000
0000000000
0000000000
0000000000
0000000000
0000000000
0000000000
0000000000
0000000000
0000000000
0000000000
0000000000
0000000000
0000000000
0000000000
0000000000
0000000000
0000000000
0000000000
0000000000
0000000000
0000000000
0000000000
0000000000
0000000000
0000000000
0000000000
0000000000
0000000000
0000000000
0000000000
0000000000
0000000000
0000000000
0000000000
0000000000
0000000000
0000000000
0000000000
0000000000
0000000000
0000000000
0000000000
0000000000
0000000000
0000000000
0000000000
0000000000
0000000000
0000000000
0000000000
0000000000
0000000000
0000000000
0000000000
0000000000
0000000000
0000000000
0000000000
0000000000
0000000000
0000000000
0000000000
0000000000
0000000000
0000000000
0000000000
0000000000
0000000000
0000000000
0000000000
0000000000
0000000000
0000000000
0000000000
0000000000
0000000000
0000000000
0000000000
0000000000
0000000000
0000000000
0000000000
0000000000
0000000000
0000000000
0000000000
0000000000
0000000000
0000000000
0000000000
0000000000
0000000000
0000000000
0000000000
0000000000
0000000000
0000000000
0000000000
0000000000
0000000000
0000000000
0000000000
0000000000
0000000000
0000000000
0000000000
0000000000
0000000000
0000000000
0000000000
0000000000
0000000000
0000000000
0000000000
0000000000
0000000000
0000000000
0000000000
0000000000
0000000000
0000000000
0000000000
0000000000
0000000000
0000000000
0000000000
0000000000
0000000000
0000000000
0000000000
0000000000
0000000000
0000000000
0000000000
0000000000
0000000000
0000000000
0000000000
0000000000
0000000000
0000000000
0000000000
0000000000
0000000000
0000000000
0000000000
0000000000
0000000000
0000000000
0000000000
0000000000
0000000000
0000000000
0000000000
0000000000
0000000000
0000000000
0000000000
0000000000
0000000000
0000000000
0000000000
0000000000
0000000000
0000000000
0000000000
0000000000
0000000000
0000000000
0000000000
0000000000
0000000000
0000000000
0000000000
0000000000
0000000000
0000000000
0000000000
0000000000
0000000000
0000000000
0000000000
0000000000
0000000000
0000000000
0000000000
0000000000
0000000000
0000000000
0000000000
0000000000
0000000000
0000000000
0000000000
0000000000
0000000000
0000000000
0000000000
0000000000
0000000000
0000000000
0000000000
0010010111
0010011000
0010011001
0010011010
0010011011
0010011100
0010110011
0010110100
0010110101
0010110110
0010110111
0010111000
0010111001
0010111010
0011001110
0011001111
0011010000
0011010001
0011010010
0011010011
0011010100
0011010101
0011010110
0011010111
0011101000
0011101001
0011101010
0011101011
0011101100
0011101101
0011101110
0011101111
0011110000
0011110001
0011110010
0011110011
0011110100
0100000101
0100000110
0100000111
0100001000
0100001001
0100001010
0100001011
0100001101
0100001110
0100001111
0100010000
0100100000
0100100001
0100100010
0100100011
0100100100
0100100101
0100100110
0100101010
0100101011
0100101100
0100101101
0100111010
0100111011
0100111100
0100111101
0100111110
0100111111
0101000000
0101001000
0101001001
0101001010
0101001011
0101010111
0101011000
0101011001
0101011010
0101100101
0101100110
0101100111
0101110010
0101110011
0101110100
0101110101
0101110110
0110000000
0110000001
0110000010
0110000011
0110001110
0110001111
0110010000
0110010001
0110011101
0110011110
0110011111
0110101010
0110101011
0110101100
0110101101
0110111010
0110111011
0110111100
0111000111
0111001000
0111001001
0111010110
0111010111
0111011000
0111100010
0111100011
0111100100
0111100101
0111110000
0111110010
0111110011
0111110100
0111110101
0111111111
1000000000
1000000001
1000001100
1000001101
1000001111
1000010000
1000010001
1000011100
1000011101
1000011110
1000011111
1000100000
1000100110
1000100111
1000101000
1000101001
1000101010
1000101011
1000101100
1000101101
1000111000
1000111001
1000111010
1000111011
1000111100
1000111101
1000111110
1000111111
1001000000
1001000001
1001000010
1001000011
1001000100
1001000101
1001000110
1001000111
1001001000
1001010110
1001010111
1001011000
1001011001
1001011010
1001011011
1001011100
1001011101
1001011110
1001011111
1001100000
1001100001
1001100010
1001100011
1001100100
1001110010
1001110100
1001110101
1001110110
1001110111
1001111000
1001111001
1001111010
1001111011
1001111100
1010010000
1010010001
1010010011
1010010100
1010010101
1010010110
1010010111
0000000000
0000000000
0000000000
0000000000
0000000000
0000000000
0000000000
0000000000
0000000000
0000000000
0000000000
0000000000
0000000000
0000000000
0000000000
0000000000
0000000000
0000000000
0000000000
0000000000
0000000000
0000000000
0000000000
0000000000
0000000000
0000000000
0000000000
0000000000
0000000000
0000000000
0000000000
0000000000
0000000000
0000000000
0000000000
0000000000
0000000000
0000000000
0000000000
0000000000
0000000000
0000000000
0000000000
0000000000
0000000000
0000000000
0000000000
0000000000
0000000000
0000000000
0000000000
0000000000
0000000000
0000000000
0000000000
0000000000
0000000000
0000000000
0000000000
0000000000
0000000000
0000000000
0000000000
0000000000
0000000000
0000000000
0000000000
0000000000
0000000000
0000000000
0000000000
0000000000
0000000000
0000000000
0000000000
0000000000
0000000000
0000000000
0000000000
0000000000
0000000000
0000000000
0000000000
0000000000
0000000000
0000000000
0000000000
0000000000
0000000000
0000000000
0000000000
0000000000
0000000000
0000000000
0000000000
0000000000
0000000000
0000000000
0000000000
0000000000
0000000000
0000000000
0000000000
0000000000
0000000000
0000000000
0000000000
0000000000
0000000000
0000000000
0000000000
0000000000
0000000000
0000000000
0000000000
0000000000
0000000000
0000000000
0000000000
0000000000
0000000000
0000000000
0000000000
0000000000
0000000000
0000000000
0000000000
0000000000
0000000000
0000000000
0000000000
0000000000
0000000000
0000000000
0000000000
0000000000
0000000000
0000000000
0000000000
0000000000
0000000000
0000000000
0000000000
0000000000
0000000000
0000000000
0000000000
0000000000
0000000000
0000000000
0000000000
0000000000
0000000000
0000000000
0000000000
0000000000
0000000000
0000000000
0000000000
0000000000
0000000000
0000000000
0000000000
0000000000
0000000000
0000000000
0000000000
0000000000
0000000000
0000000000
0000000000
0000000000
0000000000
0000000000
0000000000
0000000000
0000000000
0000000000
0000000000
0000000000
0000000000
0000000000
0000000000
0000000000
0000000000
0000000000
0000000000
0000000000
0000000000
0000000000
0000000000
0000000000
0000000000
0000000000
0000000000
0000000000
0000000000
0000000000
0000000000
0000000000
0000000000
0000000000
0000000000
0000000000
0000000000
0000000000
0000000000
0000000000
0000000000
0000000000
0000000000
0000000000
0000000000
0000000000
0000000000
0000000000
0000000000
0000000000
0000000000
0000000000
0000000000
0000000000
0000000000
0000000000
0000000000
0000000000
0000000000
0000000000
0000000000
0000000000
0000000000
0000000000
0000000000
0000000000
0000000000
0000000000
0000000000
0000000000
0000000000
0000000000
0000000000
0000000000
0000000000
0000000000
0000000000
0000000000
0000000000
0000000000
0000000000
0000000000
0000000000
0000000000
0000000000
0000000000
0000000000
0000000000
0000000000
0000000000
0000000000
0000000000
0000000000
0000000000
0000000000
0000000000
0000000000
0000000000
0000000000
0000000000
0000000000
0000000000
0000000000
0000000000
0000000000
0000000000
0000000000
0000000000
0000000000
0000000000
0000000000
0000000000
0000000000
0000000000
0000000000
0000000000
0000000000
0000000000
0000000000
0000000000
0000000000
0000000000
0000000000
0000000000
0000000000
0000000000
0000000000
0000000000
0000000000
0000000000
0000000000
0000000000
0000000000
0000000000
0000000000
0000000000
0000000000
0000000000
0000000000
0000000000
0000000000
0000000000
0000000000
0000000000
0000000000
0000000000
0000000000
0000000000
0000000000
0000000000
0000000000
0000000000
0000000000
0000000000
0000000000
0000000000
0000000000
0000000000
0000000000
0010010111
0010011000
0010011001
0010011010
0010011011
0010011100
0010110011
0010110100
0010110101
0010110110
0010110111
0010111000
0010111001
0011001110
0011001111
0011010000
0011010001
0011010010
0011010011
0011010100
0011010101
0011010110
0011101000
0011101001
0011101010
0011101011
0011101100
0011101101
0011101110
0011101111
0011110000
0011110001
0011110010
0011110011
0011110100
0100000100
0100000101
0100000110
0100000111
0100001000
0100001001
0100001010
0100001011
0100001101
0100001110
0100001111
0100010000
0100010001
0100011111
0100100000
0100100001
0100100010
0100100011
0100100100
0100100101
0100100110
0100101011
0100101100
0100111011
0100111100
0100111101
0100111110
0100111111
0101000000
0101000001
0101000010
0101000111
0101001000
0101001001
0101001010
0101010111
0101011000
0101011001
0101011010
0101100100
0101100101
0101100110
0101110010
0101110011
0101110100
0101110101
0110000000
0110000001
0110000010
0110001110
0110001111
0110010000
0110010001
0110011110
0110011111
0110100000
0110101010
0110101011
0110101100
0110111010
0110111011
0110111100
0111000111
0111001000
0111001001
0111010101
0111010110
0111010111
0111100011
0111100100
0111100101
0111110001
0111110010
0111110011
0111110100
0111110101
0111111111
1000000000
1000000001
1000000010
1000000011
1000001101
1000001110
1000001111
1000010000
1000010001
1000011100
1000011101
1000011110
1000011111
1000100110
1000101000
1000101001
1000101010
1000101011
1000101100
1000101101
1000111000
1000111001
1000111010
1000111011
1000111100
1000111101
1000111110
1000111111
1001000000
1001000001
1001000010
1001000011
1001000100
1001000101
1001000110
1001000111
1001001000
1001010110
1001010111
1001011000
1001011001
1001011010
1001011011
1001011100
1001011101
1001011110
1001011111
1001100000
1001100001
1001100011
1001100100
1001110011
1001110100
1001110101
1001110110
1001110111
1001111000
1001111001
1001111010
1001111011
1001111100
1001111101
1010010001
1010010010
1010010011
1010010100
1010010101
1010010110
1010010111
1010011000
0000000000
0000000000
0000000000
0000000000
0000000000
0000000000
0000000000
0000000000
0000000000
0000000000
0000000000
0000000000
0000000000
0000000000
0000000000
0000000000
0000000000
0000000000
0000000000
0000000000
0000000000
0000000000
0000000000
0000000000
0000000000
0000000000
0000000000
0000000000
0000000000
0000000000
0000000000
0000000000
0000000000
0000000000
0000000000
0000000000
0000000000
0000000000
0000000000
0000000000
0000000000
0000000000
0000000000
0000000000
0000000000
0000000000
0000000000
0000000000
0000000000
0000000000
0000000000
0000000000
0000000000
0000000000
0000000000
0000000000
0000000000
0000000000
0000000000
0000000000
0000000000
0000000000
0000000000
0000000000
0000000000
0000000000
0000000000
0000000000
0000000000
0000000000
0000000000
0000000000
0000000000
0000000000
0000000000
0000000000
0000000000
0000000000
0000000000
0000000000
0000000000
0000000000
0000000000
0000000000
0000000000
0000000000
0000000000
0000000000
0000000000
0000000000
0000000000
0000000000
0000000000
0000000000
0000000000
0000000000
0000000000
0000000000
0000000000
0000000000
0000000000
0000000000
0000000000
0000000000
0000000000
0000000000
0000000000
0000000000
0000000000
0000000000
0000000000
0000000000
0000000000
0000000000
0000000000
0000000000
0000000000
0000000000
0000000000
0000000000
0000000000
0000000000
0000000000
0000000000
0000000000
0000000000
0000000000
0000000000
0000000000
0000000000
0000000000
0000000000
0000000000
0000000000
0000000000
0000000000
0000000000
0000000000
0000000000
0000000000
0000000000
0000000000
0000000000
0000000000
0000000000
0000000000
0000000000
0000000000
0000000000
0000000000
0000000000
0000000000
0000000000
0000000000
0000000000
0000000000
0000000000
0000000000
0000000000
0000000000
0000000000
0000000000
0000000000
0000000000
0000000000
0000000000
0000000000
0000000000
0000000000
0000000000
0000000000
0000000000
0000000000
0000000000
0000000000
0000000000
0000000000
0000000000
0000000000
0000000000
0000000000
0000000000
0000000000
0000000000
0000000000
0000000000
0000000000
0000000000
0000000000
0000000000
0000000000
0000000000
0000000000
0000000000
0000000000
0000000000
0000000000
0000000000
0000000000
0000000000
0000000000
0000000000
0000000000
0000000000
0000000000
0000000000
0000000000
0000000000
0000000000
0000000000
0000000000
0000000000
0000000000
0000000000
0000000000
0000000000
0000000000
0000000000
0000000000
0000000000
0000000000
0000000000
0000000000
0000000000
0000000000
0000000000
0000000000
0000000000
0000000000
0000000000
0000000000
0000000000
0000000000
0000000000
0000000000
0000000000
0000000000
0000000000
0000000000
0000000000
0000000000
0000000000
0000000000
0000000000
0000000000
0000000000
0000000000
0000000000
0000000000
0000000000
0000000000
0000000000
0000000000
0000000000
0000000000
0000000000
0000000000
0000000000
0000000000
0000000000
0000000000
0000000000
0000000000
0000000000
0000000000
0000000000
0000000000
0000000000
0000000000
0000000000
0000000000
0000000000
0000000000
0000000000
0000000000
0000000000
0000000000
0000000000
0000000000
0000000000
0000000000
0000000000
0000000000
0000000000
0000000000
0000000000
0000000000
0000000000
0000000000
0000000000
0000000000
0000000000
0000000000
0000000000
0000000000
0000000000
0000000000
0000000000
0000000000
0000000000
0000000000
0000000000
0000000000
0000000000
0000000000
0000000000
0000000000
0000000000
0000000000
0000000000
0000000000
0000000000
0000000000
0000000000
0000000000
0000000000
0000000000
0000000000
0000000000
0000000000
0000000000
0000000000
0000000000
0000000000
0000000000
0000000000
0000000000
0000000000
0000000000
0000000000
0010010111
0010011000
0010011001
0010011010
0010011011
0010011100
0010110010
0010110011
0010110100
0010110101
0010110110
0010110111
0010111000
0010111001
0010111010
0011001110
0011001111
0011010000
0011010001
0011010010
0011010011
0011010100
0011010101
0011010110
0011010111
0011011000
0011101000
0011101001
0011101010
0011101011
0011101100
0011101101
0011101110
0011101111
0011110000
0011110001
0011110010
0011110011
0011110100
0100000100
0100000101
0100000110
0100000111
0100001000
0100001001
0100001010
0100001011
0100001100
0100001101
0100001110
0100001111
0100010000
0100100000
0100100001
0100100010
0100100011
0100100100
0100100101
0100100110
0100101010
0100101011
0100101100
0100101101
0100101110
0100111011
0100111100
0100111110
0101000000
0101000001
0101001000
0101001001
0101001010
0101010110
0101010111
0101011000
0101011001
0101011010
0101100100
0101100101
0101100110
0101110010
0101110011
0101110100
0101110101
0101110110
0110000000
0110000001
0110000010
0110000011
0110001110
0110001111
0110010000
0110010001
0110011101
0110011110
0110011111
0110100000
0110101010
0110101011
0110101100
0110101101
0110111001
0110111010
0110111011
0110111100
0111000111
0111001000
0111001001
0111010111
0111011000
0111100010
0111100011
0111100100
0111100101
0111110010
0111110011
0111110100
0111110101
0111111111
1000000000
1000000001
1000000010
1000000011
1000001011
1000001100
1000001101
1000001110
1000001111
1000010000
1000010001
1000011011
1000011100
1000011101
1000011110
1000011111
1000100001
1000100010
1000101000
1000101001
1000101010
1000101011
1000101100
1000111000
1000111001
1000111010
1000111011
1000111100
1000111101
1000111110
1000111111
1001000000
1001000001
1001000010
1001000011
1001000100
1001000101
1001000110
1001000111
1001010101
1001010110
1001010111
1001011000
1001011001
1001011010
1001011011
1001011100
1001011101
1001011110
1001011111
1001100000
1001100001
1001100010
1001100011
1001110010
1001110011
1001110100
1001110101
1001110110
1001110111
1001111000
1001111001
1001111010
1001111011
1001111100
1010010001
1010010010
1010010011
1010010100
1010010101
1010010110
1010010111
1010110000
0000000000
0000000000
0000000000
0000000000
0000000000
0000000000
0000000000
0000000000
0000000000
0000000000
0000000000
0000000000
0000000000
0000000000
0000000000
0000000000
0000000000
0000000000
0000000000
0000000000
0000000000
0000000000
0000000000
0000000000
0000000000
0000000000
0000000000
0000000000
0000000000
0000000000
0000000000
0000000000
0000000000
0000000000
0000000000
0000000000
0000000000
0000000000
0000000000
0000000000
0000000000
0000000000
0000000000
0000000000
0000000000
0000000000
0000000000
0000000000
0000000000
0000000000
0000000000
0000000000
0000000000
0000000000
0000000000
0000000000
0000000000
0000000000
0000000000
0000000000
0000000000
0000000000
0000000000
0000000000
0000000000
0000000000
0000000000
0000000000
0000000000
0000000000
0000000000
0000000000
0000000000
0000000000
0000000000
0000000000
0000000000
0000000000
0000000000
0000000000
0000000000
0000000000
0000000000
0000000000
0000000000
0000000000
0000000000
0000000000
0000000000
0000000000
0000000000
0000000000
0000000000
0000000000
0000000000
0000000000
0000000000
0000000000
0000000000
0000000000
0000000000
0000000000
0000000000
0000000000
0000000000
0000000000
0000000000
0000000000
0000000000
0000000000
0000000000
0000000000
0000000000
0000000000
0000000000
0000000000
0000000000
0000000000
0000000000
0000000000
0000000000
0000000000
0000000000
0000000000
0000000000
0000000000
0000000000
0000000000
0000000000
0000000000
0000000000
0000000000
0000000000
0000000000
0000000000
0000000000
0000000000
0000000000
0000000000
0000000000
0000000000
0000000000
0000000000
0000000000
0000000000
0000000000
0000000000
0000000000
0000000000
0000000000
0000000000
0000000000
0000000000
0000000000
0000000000
0000000000
0000000000
0000000000
0000000000
0000000000
0000000000
0000000000
0000000000
0000000000
0000000000
0000000000
0000000000
0000000000
0000000000
0000000000
0000000000
0000000000
0000000000
0000000000
0000000000
0000000000
0000000000
0000000000
0000000000
0000000000
0000000000
0000000000
0000000000
0000000000
0000000000
0000000000
0000000000
0000000000
0000000000
0000000000
0000000000
0000000000
0000000000
0000000000
0000000000
0000000000
0000000000
0000000000
0000000000
0000000000
0000000000
0000000000
0000000000
0000000000
0000000000
0000000000
0000000000
0000000000
0000000000
0000000000
0000000000
0000000000
0000000000
0000000000
0000000000
0000000000
0000000000
0000000000
0000000000
0000000000
0000000000
0000000000
0000000000
0000000000
0000000000
0000000000
0000000000
0000000000
0000000000
0000000000
0000000000
0000000000
0000000000
0000000000
0000000000
0000000000
0000000000
0000000000
0000000000
0000000000
0000000000
0000000000
0000000000
0000000000
0000000000
0000000000
0000000000
0000000000
0000000000
0000000000
0000000000
0000000000
0000000000
0000000000
0000000000
0000000000
0000000000
0000000000
0000000000
0000000000
0000000000
0000000000
0000000000
0000000000
0000000000
0000000000
0000000000
0000000000
0000000000
0000000000
0000000000
0000000000
0000000000
0000000000
0000000000
0000000000
0000000000
0000000000
0000000000
0000000000
0000000000
0000000000
0000000000
0000000000
0000000000
0000000000
0000000000
0000000000
0000000000
0000000000
0000000000
0000000000
0000000000
0000000000
0000000000
0000000000
0000000000
0000000000
0000000000
0000000000
0000000000
0000000000
0000000000
0000000000
0000000000
0000000000
0000000000
0000000000
0000000000
0000000000
0000000000
0000000000
0000000000
0000000000
0000000000
0000000000
0000000000
0000000000
0000000000
0000000000
0010010111
0010011000
0010011001
0010011010
0010011011
0010011100
0010011101
0010110010
0010110011
0010110100
0010110101
0010110110
0010110111
0010111000
0010111001
0010111010
0011001101
0011001110
0011001111
0011010000
0011010001
0011010010
0011010011
0011010100
0011010101
0011010110
0011010111
0011101000
0011101001
0011101010
0011101011
0011101100
0011101101
0011101110
0011101111
0011110000
0011110001
0011110010
0011110011
0011110100
0100000101
0100000110
0100000111
0100001000
0100001001
0100001010
0100001011
0100001100
0100001101
0100001110
0100001111
0100010000
0100011111
0100100000
0100100001
0100100010
0100100011
0100100100
0100100101
0100100110
0100100111
0100101011
0100101100
0100111010
0100111011
0100111100
0100111101
0100111110
0100111111
0101000000
0101000111
0101001000
0101001001
0101001010
0101010111
0101011000
0101011001
0101011010
0101100100
0101100101
0101100110
0101100111
0101110011
0101110100
0101110101
0101110110
0110000001
0110000010
0110000011
0110001110
0110001111
0110010000
0110010001
0110011101
0110011110
0110011111
0110100000
0110101010
0110101011
0110101100
0110101101
0110111001
0110111010
0110111011
0110111100
0111000111
0111001000
0111001001
0111010110
0111010111
0111011000
0111100011
0111100100
0111100101
0111110001
0111110010
0111110011
0111110100
0111110101
0111111111
1000000000
1000000001
1000000010
1000001100
1000001101
1000001110
1000001111
1000010000
1000010001
1000011011
1000011100
1000011101
1000011110
1000011111
1000101000
1000101001
1000101010
1000101011
1000101100
1000101101
1000111001
1000111010
1000111011
1000111100
1000111101
1000111110
1000111111
1001000000
1001000001
1001000010
1001000011
1001000100
1001000101
1001000110
1001000111
1001001000
1001010101
1001010110
1001010111
1001011000
1001011001
1001011010
1001011011
1001011100
1001011101
1001011110
1001011111
1001100000
1001100001
1001100010
1001100011
1001100100
1001110010
1001110011
1001110100
1001110101
1001110110
1001110111
1001111000
1001111001
1001111010
1001111011
1001111100
1010010000
1010010010
1010010011
1010010100
1010010101
1010010110
1010011000
1010110000
0000000000
0000000000
0000000000
0000000000
0000000000
0000000000
0000000000
0000000000
0000000000
0000000000
0000000000
0000000000
0000000000
0000000000
0000000000
0000000000
0000000000
0000000000
0000000000
0000000000
0000000000
0000000000
0000000000
0000000000
0000000000
0000000000
0000000000
0000000000
0000000000
0000000000
0000000000
0000000000
0000000000
0000000000
0000000000
0000000000
0000000000
0000000000
0000000000
0000000000
0000000000
0000000000
0000000000
0000000000
0000000000
0000000000
0000000000
0000000000
0000000000
0000000000
0000000000
0000000000
0000000000
0000000000
0000000000
0000000000
0000000000
0000000000
0000000000
0000000000
0000000000
0000000000
0000000000
0000000000
0000000000
0000000000
0000000000
0000000000
0000000000
0000000000
0000000000
0000000000
0000000000
0000000000
0000000000
0000000000
0000000000
0000000000
0000000000
0000000000
0000000000
0000000000
0000000000
0000000000
0000000000
0000000000
0000000000
0000000000
0000000000
0000000000
0000000000
0000000000
0000000000
0000000000
0000000000
0000000000
0000000000
0000000000
0000000000
0000000000
0000000000
0000000000
0000000000
0000000000
0000000000
0000000000
0000000000
0000000000
0000000000
0000000000
0000000000
0000000000
0000000000
0000000000
0000000000
0000000000
0000000000
0000000000
0000000000
0000000000
0000000000
0000000000
0000000000
0000000000
0000000000
0000000000
0000000000
0000000000
0000000000
0000000000
0000000000
0000000000
0000000000
0000000000
0000000000
0000000000
0000000000
0000000000
0000000000
0000000000
0000000000
0000000000
0000000000
0000000000
0000000000
0000000000
0000000000
0000000000
0000000000
0000000000
0000000000
0000000000
0000000000
0000000000
0000000000
0000000000
0000000000
0000000000
0000000000
0000000000
0000000000
0000000000
0000000000
0000000000
0000000000
0000000000
0000000000
0000000000
0000000000
0000000000
0000000000
0000000000
0000000000
0000000000
0000000000
0000000000
0000000000
0000000000
0000000000
0000000000
0000000000
0000000000
0000000000
0000000000
0000000000
0000000000
0000000000
0000000000
0000000000
0000000000
0000000000
0000000000
0000000000
0000000000
0000000000
0000000000
0000000000
0000000000
0000000000
0000000000
0000000000
0000000000
0000000000
0000000000
0000000000
0000000000
0000000000
0000000000
0000000000
0000000000
0000000000
0000000000
0000000000
0000000000
0000000000
0000000000
0000000000
0000000000
0000000000
0000000000
0000000000
0000000000
0000000000
0000000000
0000000000
0000000000
0000000000
0000000000
0000000000
0000000000
0000000000
0000000000
0000000000
0000000000
0000000000
0000000000
0000000000
0000000000
0000000000
0000000000
0000000000
0000000000
0000000000
0000000000
0000000000
0000000000
0000000000
0000000000
0000000000
0000000000
0000000000
0000000000
0000000000
0000000000
0000000000
0000000000
0000000000
0000000000
0000000000
0000000000
0000000000
0000000000
0000000000
0000000000
0000000000
0000000000
0000000000
0000000000
0000000000
0000000000
0000000000
0000000000
0000000000
0000000000
0000000000
0000000000
0000000000
0000000000
0000000000
0000000000
0000000000
0000000000
0000000000
0000000000
0000000000
0000000000
0000000000
0000000000
0000000000
0000000000
0000000000
0000000000
0000000000
0000000000
0000000000
0000000000
0000000000
0000000000
0000000000
0000000000
0000000000
0000000000
0000000000
0000000000
0000000000
0000000000
0000000000
0000000000
0000000000
0000000000
0000000000
0000000000
0000000000
0000000000
0000000000
0000000000
0000000000
0000000000
0000000000
0000000000
0000000000
0010011000
0010011001
0010011010
0010011011
0010011100
0010110010
0010110011
0010110100
0010110101
0010110110
0010110111
0010111000
0010111001
0010111010
0011001110
0011001111
0011010000
0011010001
0011010010
0011010011
0011010100
0011010101
0011010110
0011010111
0011101000
0011101001
0011101010
0011101011
0011101100
0011101101
0011101110
0011101111
0011110000
0011110001
0011110010
0011110011
0011110100
0100000011
0100000100
0100000101
0100000110
0100000111
0100001000
0100001001
0100001010
0100001011
0100001101
0100001110
0100001111
0100010000
0100011111
0100100000
0100100001
0100100010
0100100011
0100100100
0100100101
0100100110
0100101010
0100101011
0100101100
0100111010
0100111011
0100111100
0100111101
0100111110
0100111111
0101000111
0101001000
0101001001
0101001010
0101001011
0101010111
0101011000
0101011001
0101011010
0101100100
0101100101
0101100110
0101110011
0101110100
0101110101
0101110110
0110000000
0110000001
0110000010
0110001110
0110001111
0110010000
0110010001
0110011110
0110011111
0110101010
0110101011
0110101100
0110101101
0110111010
0110111011
0110111100
0111000110
0111000111
0111001000
0111010110
0111010111
0111011000
0111100011
0111100100
0111100101
0111100110
0111110010
0111110011
0111110101
0111111110
0111111111
1000000000
1000000001
1000000010
1000001011
1000001100
1000001101
1000001110
1000001111
1000010000
1000010001
1000011011
1000011100
1000011101
1000011110
1000011111
1000100010
1000100111
1000101000
1000101001
1000101010
1000101011
1000101100
1000111000
1000111001
1000111010
1000111011
1000111100
1000111101
1000111110
1000111111
1001000000
1001000001
1001000010
1001000011
1001000100
1001000101
1001000110
1001000111
1001001000
1001010101
1001010110
1001010111
1001011000
1001011001
1001011010
1001011011
1001011100
1001011101
1001011110
1001011111
1001100000
1001100001
1001100010
1001100011
1001110010
1001110011
1001110100
1001110101
1001110110
1001110111
1001111000
1001111001
1001111010
1001111011
1001111100
1001111101
1010010000
1010010001
1010010010
1010010011
1010010100
1010010101
1010010110
1010010111
1010011000
1010110000
1010110001
1010110010
0000000000
0000000000
0000000000
0000000000
0000000000
0000000000
0000000000
0000000000
0000000000
0000000000
0000000000
0000000000
0000000000
0000000000
0000000000
0000000000
0000000000
0000000000
0000000000
0000000000
0000000000
0000000000
0000000000
0000000000
0000000000
0000000000
0000000000
0000000000
0000000000
0000000000
0000000000
0000000000
0000000000
0000000000
0000000000
0000000000
0000000000
0000000000
0000000000
0000000000
0000000000
0000000000
0000000000
0000000000
0000000000
0000000000
0000000000
0000000000
0000000000
0000000000
0000000000
0000000000
0000000000
0000000000
0000000000
0000000000
0000000000
0000000000
0000000000
0000000000
0000000000
0000000000
0000000000
0000000000
0000000000
0000000000
0000000000
0000000000
0000000000
0000000000
0000000000
0000000000
0000000000
0000000000
0000000000
0000000000
0000000000
0000000000
0000000000
0000000000
0000000000
0000000000
0000000000
0000000000
0000000000
0000000000
0000000000
0000000000
0000000000
0000000000
0000000000
0000000000
0000000000
0000000000
0000000000
0000000000
0000000000
0000000000
0000000000
0000000000
0000000000
0000000000
0000000000
0000000000
0000000000
0000000000
0000000000
0000000000
0000000000
0000000000
0000000000
0000000000
0000000000
0000000000
0000000000
0000000000
0000000000
0000000000
0000000000
0000000000
0000000000
0000000000
0000000000
0000000000
0000000000
0000000000
0000000000
0000000000
0000000000
0000000000
0000000000
0000000000
0000000000
0000000000
0000000000
0000000000
0000000000
0000000000
0000000000
0000000000
0000000000
0000000000
0000000000
0000000000
0000000000
0000000000
0000000000
0000000000
0000000000
0000000000
0000000000
0000000000
0000000000
0000000000
0000000000
0000000000
0000000000
0000000000
0000000000
0000000000
0000000000
0000000000
0000000000
0000000000
0000000000
0000000000
0000000000
0000000000
0000000000
0000000000
0000000000
0000000000
0000000000
0000000000
0000000000
0000000000
0000000000
0000000000
0000000000
0000000000
0000000000
0000000000
0000000000
0000000000
0000000000
0000000000
0000000000
0000000000
0000000000
0000000000
0000000000
0000000000
0000000000
0000000000
0000000000
0000000000
0000000000
0000000000
0000000000
0000000000
0000000000
0000000000
0000000000
0000000000
0000000000
0000000000
0000000000
0000000000
0000000000
0000000000
0000000000
0000000000
0000000000
0000000000
0000000000
0000000000
0000000000
0000000000
0000000000
0000000000
0000000000
0000000000
0000000000
0000000000
0000000000
0000000000
0000000000
0000000000
0000000000
0000000000
0000000000
0000000000
0000000000
0000000000
0000000000
0000000000
0000000000
0000000000
0000000000
0000000000
0000000000
0000000000
0000000000
0000000000
0000000000
0000000000
0000000000
0000000000
0000000000
0000000000
0000000000
0000000000
0000000000
0000000000
0000000000
0000000000
0000000000
0000000000
0000000000
0000000000
0000000000
0000000000
0000000000
0000000000
0000000000
0000000000
0000000000
0000000000
0000000000
0000000000
0000000000
0000000000
0000000000
0000000000
0000000000
0000000000
0000000000
0000000000
0000000000
0000000000
0000000000
0000000000
0000000000
0000000000
0000000000
0000000000
0000000000
0000000000
0000000000
0000000000
0000000000
0000000000
0000000000
0000000000
0000000000
0000000000
0000000000
0000000000
0000000000
0000000000
0000000000
0000000000
0000000000
0000000000
0000000000
0000000000
0000000000
0000000000
0000000000
0000000000
0000000000
0000000000
0000000000
0000000000
0000000000
0000000000
0000000000
0000000000
0000000000
0000000000
0010011000
0010011001
0010011010
0010011011
0010011100
0010110010
0010110011
0010110100
0010110101
0010110110
0010110111
0010111000
0010111001
0010111010
0011001110
0011001111
0011010000
0011010001
0011010010
0011010011
0011010100
0011010101
0011010110
0011010111
0011101000
0011101001
0011101010
0011101011
0011101100
0011101101
0011101110
0011101111
0011110000
0011110001
0011110010
0011110011
0011110100
0100000011
0100000100
0100000101
0100000110
0100000111
0100001000
0100001001
0100001010
0100001011
0100001101
0100001110
0100001111
0100010000
0100011111
0100100000
0100100001
0100100010
0100100011
0100100100
0100100101
0100100110
0100101011
0100101100
0100101101
0100101110
0100111011
0100111101
0100111110
0100111111
0101000000
0101000001
0101000111
0101001000
0101001001
0101001010
0101010111
0101011000
0101011001
0101011010
0101100100
0101100101
0101100110
0101100111
0101110011
0101110100
0101110110
0110000001
0110000010
0110001110
0110001111
0110010000
0110010001
0110011101
0110011110
0110011111
0110100000
0110101010
0110101011
0110101100
0110101101
0110111010
0110111011
0110111100
0111000111
0111001000
0111010110
0111010111
0111011000
0111100010
0111100011
0111100100
0111100101
0111110000
0111110010
0111110011
0111110100
0111111110
0111111111
1000000000
1000000001
1000000010
1000001100
1000001101
1000001110
1000001111
1000010000
1000010001
1000011100
1000011101
1000011110
1000011111
1000100001
1000100110
1000100111
1000101000
1000101001
1000101010
1000101011
1000101100
1000101101
1000111000
1000111001
1000111010
1000111011
1000111100
1000111101
1000111110
1000111111
1001000000
1001000001
1001000010
1001000011
1001000100
1001000101
1001000110
1001000111
1001001000
1001010110
1001010111
1001011000
1001011001
1001011010
1001011011
1001011101
1001011110
1001011111
1001100000
1001100001
1001100010
1001100011
1001100100
1001110010
1001110011
1001110100
1001110101
1001110110
1001110111
1001111000
1001111001
1001111010
1001111011
1001111100
1001111101
1010010001
1010010010
1010010011
1010010100
1010010101
1010010110
1010010111
1010011000
1010110001
1010110010
0000000000
0000000000
0000000000
0000000000
0000000000
0000000000
0000000000
0000000000
0000000000
0000000000
0000000000
0000000000
0000000000
0000000000
0000000000
0000000000
0000000000
0000000000
0000000000
0000000000
0000000000
0000000000
0000000000
0000000000
0000000000
0000000000
0000000000
0000000000
0000000000
0000000000
0000000000
0000000000
0000000000
0000000000
0000000000
0000000000
0000000000
0000000000
0000000000
0000000000
0000000000
0000000000
0000000000
0000000000
0000000000
0000000000
0000000000
0000000000
0000000000
0000000000
0000000000
0000000000
0000000000
0000000000
0000000000
0000000000
0000000000
0000000000
0000000000
0000000000
0000000000
0000000000
0000000000
0000000000
0000000000
0000000000
0000000000
0000000000
0000000000
0000000000
0000000000
0000000000
0000000000
0000000000
0000000000
0000000000
0000000000
0000000000
0000000000
0000000000
0000000000
0000000000
0000000000
0000000000
0000000000
0000000000
0000000000
0000000000
0000000000
0000000000
0000000000
0000000000
0000000000
0000000000
0000000000
0000000000
0000000000
0000000000
0000000000
0000000000
0000000000
0000000000
0000000000
0000000000
0000000000
0000000000
0000000000
0000000000
0000000000
0000000000
0000000000
0000000000
0000000000
0000000000
0000000000
0000000000
0000000000
0000000000
0000000000
0000000000
0000000000
0000000000
0000000000
0000000000
0000000000
0000000000
0000000000
0000000000
0000000000
0000000000
0000000000
0000000000
0000000000
0000000000
0000000000
0000000000
0000000000
0000000000
0000000000
0000000000
0000000000
0000000000
0000000000
0000000000
0000000000
0000000000
0000000000
0000000000
0000000000
0000000000
0000000000
0000000000
0000000000
0000000000
0000000000
0000000000
0000000000
0000000000
0000000000
0000000000
0000000000
0000000000
0000000000
0000000000
0000000000
0000000000
0000000000
0000000000
0000000000
0000000000
0000000000
0000000000
0000000000
0000000000
0000000000
0000000000
0000000000
0000000000
0000000000
0000000000
0000000000
0000000000
0000000000
0000000000
0000000000
0000000000
0000000000
0000000000
0000000000
0000000000
0000000000
0000000000
0000000000
0000000000
0000000000
0000000000
0000000000
0000000000
0000000000
0000000000
0000000000
0000000000
0000000000
0000000000
0000000000
0000000000
0000000000
0000000000
0000000000
0000000000
0000000000
0000000000
0000000000
0000000000
0000000000
0000000000
0000000000
0000000000
0000000000
0000000000
0000000000
0000000000
0000000000
0000000000
0000000000
0000000000
0000000000
0000000000
0000000000
0000000000
0000000000
0000000000
0000000000
0000000000
0000000000
0000000000
0000000000
0000000000
0000000000
0000000000
0000000000
0000000000
0000000000
0000000000
0000000000
0000000000
0000000000
0000000000
0000000000
0000000000
0000000000
0000000000
0000000000
0000000000
0000000000
0000000000
0000000000
0000000000
0000000000
0000000000
0000000000
0000000000
0000000000
0000000000
0000000000
0000000000
0000000000
0000000000
0000000000
0000000000
0000000000
0000000000
0000000000
0000000000
0000000000
0000000000
0000000000
0000000000
0000000000
0000000000
0000000000
0000000000
0000000000
0000000000
0000000000
0000000000
0000000000
0000000000
0000000000
0000000000
0000000000
0000000000
0000000000
0000000000
0000000000
0000000000
0000000000
0000000000
0000000000
0000000000
0000000000
0000000000
0000000000
0000000000
0000000000
0000000000
0000000000
0000000000
0000000000
0000000000
0000000000
0000000000
0000000000
0000000000
0000000000
0000000000
0000000000
0000000000
0000000000
0000000000
0000000000
0000000000
0010010111
0010011000
0010011001
0010011010
0010011011
0010011100
0010011101
0010110010
0010110011
0010110100
0010110101
0010110110
0010110111
0010111000
0010111001
0010111010
0010111011
0011001110
0011001111
0011010000
0011010001
0011010010
0011010011
0011010100
0011010101
0011010110
0011010111
0011101010
0011101011
0011101100
0011101101
0011101110
0011101111
0011110000
0011110001
0011110010
0011110011
0011110100
0100000100
0100000101
0100000110
0100000111
0100001000
0100001001
0100001010
0100001011
0100001100
0100001101
0100001110
0100001111
0100010000
0100011111
0100100000
0100100001
0100100010
0100100011
0100100100
0100100101
0100100110
0100101010
0100101011
0100101100
0100101101
0100101110
0100111011
0100111100
0100111101
0100111110
0100111111
0101000000
0101000001
0101000010
0101001000
0101001001
0101001010
0101010111
0101011000
0101011001
0101011010
0101100011
0101100100
0101100101
0101100110
0101110010
0101110011
0101110100
0101110101
0101110110
0110000000
0110000001
0110000010
0110001110
0110001111
0110010000
0110010001
0110011110
0110011111
0110100000
0110101010
0110101011
0110101100
0110111010
0110111011
0110111100
0111000111
0111001000
0111010110
0111010111
0111011000
0111100010
0111100011
0111100100
0111100101
0111100110
0111110001
0111110010
0111110011
0111110100
0111110101
0111111111
1000000000
1000000001
1000000010
1000001100
1000001101
1000001110
1000001111
1000010000
1000010001
1000011100
1000011101
1000011110
1000011111
1000100000
1000100010
1000100111
1000101000
1000101001
1000101010
1000101011
1000101100
1000101101
1000111001
1000111010
1000111011
1000111100
1000111101
1000111110
1000111111
1001000000
1001000001
1001000010
1001000011
1001000100
1001000101
1001000110
1001000111
1001001000
1001010110
1001010111
1001011000
1001011001
1001011010
1001011011
1001011100
1001011101
1001011110
1001011111
1001100000
1001100001
1001100010
1001100011
1001110010
1001110011
1001110100
1001110101
1001110110
1001110111
1001111000
1001111001
1001111010
1001111011
1001111100
1001111101
1010010001
1010010010
1010010011
1010010100
1010010101
1010010110
1010010111
0000000000
0000000000
0000000000
0000000000
0000000000
0000000000
0000000000
0000000000
0000000000
0000000000
0000000000
0000000000
0000000000
0000000000
0000000000
0000000000
0000000000
0000000000
0000000000
0000000000
0000000000
0000000000
0000000000
0000000000
0000000000
0000000000
0000000000
0000000000
0000000000
0000000000
0000000000
0000000000
0000000000
0000000000
0000000000
0000000000
0000000000
0000000000
0000000000
0000000000
0000000000
0000000000
0000000000
0000000000
0000000000
0000000000
0000000000
0000000000
0000000000
0000000000
0000000000
0000000000
0000000000
0000000000
0000000000
0000000000
0000000000
0000000000
0000000000
0000000000
0000000000
0000000000
0000000000
0000000000
0000000000
0000000000
0000000000
0000000000
0000000000
0000000000
0000000000
0000000000
0000000000
0000000000
0000000000
0000000000
0000000000
0000000000
0000000000
0000000000
0000000000
0000000000
0000000000
0000000000
0000000000
0000000000
0000000000
0000000000
0000000000
0000000000
0000000000
0000000000
0000000000
0000000000
0000000000
0000000000
0000000000
0000000000
0000000000
0000000000
0000000000
0000000000
0000000000
0000000000
0000000000
0000000000
0000000000
0000000000
0000000000
0000000000
0000000000
0000000000
0000000000
0000000000
0000000000
0000000000
0000000000
0000000000
0000000000
0000000000
0000000000
0000000000
0000000000
0000000000
0000000000
0000000000
0000000000
0000000000
0000000000
0000000000
0000000000
0000000000
0000000000
0000000000
0000000000
0000000000
0000000000
0000000000
0000000000
0000000000
0000000000
0000000000
0000000000
0000000000
0000000000
0000000000
0000000000
0000000000
0000000000
0000000000
0000000000
0000000000
0000000000
0000000000
0000000000
0000000000
0000000000
0000000000
0000000000
0000000000
0000000000
0000000000
0000000000
0000000000
0000000000
0000000000
0000000000
0000000000
0000000000
0000000000
0000000000
0000000000
0000000000
0000000000
0000000000
0000000000
0000000000
0000000000
0000000000
0000000000
0000000000
0000000000
0000000000
0000000000
0000000000
0000000000
0000000000
0000000000
0000000000
0000000000
0000000000
0000000000
0000000000
0000000000
0000000000
0000000000
0000000000
0000000000
0000000000
0000000000
0000000000
0000000000
0000000000
0000000000
0000000000
0000000000
0000000000
0000000000
0000000000
0000000000
0000000000
0000000000
0000000000
0000000000
0000000000
0000000000
0000000000
0000000000
0000000000
0000000000
0000000000
0000000000
0000000000
0000000000
0000000000
0000000000
0000000000
0000000000
0000000000
0000000000
0000000000
0000000000
0000000000
0000000000
0000000000
0000000000
0000000000
0000000000
0000000000
0000000000
0000000000
0000000000
0000000000
0000000000
0000000000
0000000000
0000000000
0000000000
0000000000
0000000000
0000000000
0000000000
0000000000
0000000000
0000000000
0000000000
0000000000
0000000000
0000000000
0000000000
0000000000
0000000000
0000000000
0000000000
0000000000
0000000000
0000000000
0000000000
0000000000
0000000000
0000000000
0000000000
0000000000
0000000000
0000000000
0000000000
0000000000
0000000000
0000000000
0000000000
0000000000
0000000000
0000000000
0000000000
0000000000
0000000000
0000000000
0000000000
0000000000
0000000000
0000000000
0000000000
0000000000
0000000000
0000000000
0000000000
0000000000
0000000000
0000000000
0000000000
0000000000
0000000000
0000000000
0000000000
0000000000
0000000000
0000000000
0000000000
0000000000
0000000000
0000000000
0000000000
0000000000
0000000000
0000000000
0000000000
0000000000
0000000000
0000000000
0000000000
0000000000
0010011000
0010011001
0010011010
0010011011
0010011100
0010110010
0010110011
0010110100
0010110101
0010110110
0010110111
0010111000
0010111001
0010111010
0010111011
0011001110
0011001111
0011010000
0011010010
0011010011
0011010100
0011010101
0011010110
0011010111
0011101001
0011101010
0011101011
0011101100
0011101101
0011101110
0011101111
0011110000
0011110001
0011110010
0011110011
0011110100
0100000011
0100000100
0100000101
0100000110
0100000111
0100001000
0100001001
0100001010
0100001011
0100001100
0100001101
0100001110
0100001111
0100010000
0100010001
0100100000
0100100001
0100100010
0100100011
0100100100
0100100101
0100100110
0100101010
0100101011
0100101100
0100101101
0100101110
0100111011
0100111100
0100111101
0100111110
0100111111
0101000010
0101000111
0101001000
0101001001
0101001010
0101010110
0101010111
0101011000
0101011001
0101011010
0101100100
0101100110
0101100111
0101110011
0101110100
0101110101
0101110110
0110000001
0110000010
0110000011
0110001110
0110001111
0110010000
0110010001
0110011101
0110011110
0110011111
0110100000
0110101010
0110101011
0110101100
0110101101
0110111001
0110111010
0110111011
0110111100
0111000110
0111000111
0111001000
0111001001
0111010110
0111010111
0111011000
0111100010
0111100011
0111100100
0111100101
0111110001
0111110010
0111110011
0111110100
0111110101
0111111111
1000000000
1000000001
1000001100
1000001101
1000001110
1000001111
1000010000
1000010001
1000011011
1000011100
1000011101
1000011110
1000011111
1000100001
1000100111
1000101000
1000101001
1000101010
1000101011
1000101100
1000101101
1000111001
1000111010
1000111011
1000111100
1000111101
1000111110
1000111111
1001000000
1001000001
1001000010
1001000011
1001000100
1001000101
1001000110
1001000111
1001001000
1001010101
1001010110
1001010111
1001011000
1001011001
1001011010
1001011011
1001011100
1001011101
1001011110
1001011111
1001100000
1001100001
1001100010
1001100011
1001110011
1001110100
1001110101
1001110110
1001110111
1001111000
1001111001
1001111010
1001111011
1001111100
1001111101
1001111110
1010010001
1010010010
1010010011
1010010100
1010010101
1010010110
1010010111
1010011000
0000000000
0000000000
0000000000
0000000000
0000000000
0000000000
0000000000
0000000000
0000000000
0000000000
0000000000
0000000000
0000000000
0000000000
0000000000
0000000000
0000000000
0000000000
0000000000
0000000000
0000000000
0000000000
0000000000
0000000000
0000000000
0000000000
0000000000
0000000000
0000000000
0000000000
0000000000
0000000000
0000000000
0000000000
0000000000
0000000000
0000000000
0000000000
0000000000
0000000000
0000000000
0000000000
0000000000
0000000000
0000000000
0000000000
0000000000
0000000000
0000000000
0000000000
0000000000
0000000000
0000000000
0000000000
0000000000
0000000000
0000000000
0000000000
0000000000
0000000000
0000000000
0000000000
0000000000
0000000000
0000000000
0000000000
0000000000
0000000000
0000000000
0000000000
0000000000
0000000000
0000000000
0000000000
0000000000
0000000000
0000000000
0000000000
0000000000
0000000000
0000000000
0000000000
0000000000
0000000000
0000000000
0000000000
0000000000
0000000000
0000000000
0000000000
0000000000
0000000000
0000000000
0000000000
0000000000
0000000000
0000000000
0000000000
0000000000
0000000000
0000000000
0000000000
0000000000
0000000000
0000000000
0000000000
0000000000
0000000000
0000000000
0000000000
0000000000
0000000000
0000000000
0000000000
0000000000
0000000000
0000000000
0000000000
0000000000
0000000000
0000000000
0000000000
0000000000
0000000000
0000000000
0000000000
0000000000
0000000000
0000000000
0000000000
0000000000
0000000000
0000000000
0000000000
0000000000
0000000000
0000000000
0000000000
0000000000
0000000000
0000000000
0000000000
0000000000
0000000000
0000000000
0000000000
0000000000
0000000000
0000000000
0000000000
0000000000
0000000000
0000000000
0000000000
0000000000
0000000000
0000000000
0000000000
0000000000
0000000000
0000000000
0000000000
0000000000
0000000000
0000000000
0000000000
0000000000
0000000000
0000000000
0000000000
0000000000
0000000000
0000000000
0000000000
0000000000
0000000000
0000000000
0000000000
0000000000
0000000000
0000000000
0000000000
0000000000
0000000000
0000000000
0000000000
0000000000
0000000000
0000000000
0000000000
0000000000
0000000000
0000000000
0000000000
0000000000
0000000000
0000000000
0000000000
0000000000
0000000000
0000000000
0000000000
0000000000
0000000000
0000000000
0000000000
0000000000
0000000000
0000000000
0000000000
0000000000
0000000000
0000000000
0000000000
0000000000
0000000000
0000000000
0000000000
0000000000
0000000000
0000000000
0000000000
0000000000
0000000000
0000000000
0000000000
0000000000
0000000000
0000000000
0000000000
0000000000
0000000000
0000000000
0000000000
0000000000
0000000000
0000000000
0000000000
0000000000
0000000000
0000000000
0000000000
0000000000
0000000000
0000000000
0000000000
0000000000
0000000000
0000000000
0000000000
0000000000
0000000000
0000000000
0000000000
0000000000
0000000000
0000000000
0000000000
0000000000
0000000000
0000000000
0000000000
0000000000
0000000000
0000000000
0000000000
0000000000
0000000000
0000000000
0000000000
0000000000
0000000000
0000000000
0000000000
0000000000
0000000000
0000000000
0000000000
0000000000
0000000000
0000000000
0000000000
0000000000
0000000000
0000000000
0000000000
0000000000
0000000000
0000000000
0000000000
0000000000
0000000000
0000000000
0000000000
0000000000
0000000000
0000000000
0000000000
0000000000
0000000000
0000000000
0000000000
0000000000
0000000000
0000000000
0000000000
0000000000
0000000000
0000000000
0000000000
0000000000
0000000000
0000000000
0000000000
0000000000
0000000000
0000000000
0000000000
0000000000
0010011000
0010011001
0010011010
0010011011
0010011100
0010110010
0010110011
0010110100
0010110101
0010110110
0010110111
0010111000
0010111001
0010111010
0011001101
0011001110
0011001111
0011010000
0011010001
0011010010
0011010011
0011010100
0011010101
0011010110
0011010111
0011101001
0011101010
0011101011
0011101100
0011101101
0011101110
0011101111
0011110000
0011110001
0011110010
0011110011
0011110100
0100000100
0100000101
0100000110
0100000111
0100001000
0100001001
0100001010
0100001011
0100001100
0100001101
0100001110
0100001111
0100010000
0100011111
0100100000
0100100001
0100100010
0100100011
0100100100
0100100101
0100100110
0100101011
0100101100
0100101101
0100111010
0100111011
0100111100
0100111101
0100111110
0100111111
0101000000
0101000001
0101000111
0101001000
0101001001
0101001010
0101010110
0101010111
0101011000
0101011001
0101011010
0101100100
0101100101
0101100110
0101100111
0101110010
0101110011
0101110100
0101110101
0110000001
0110000010
0110000011
0110001110
0110001111
0110010000
0110011101
0110011110
0110011111
0110101010
0110101011
0110101100
0110101101
0110111010
0110111011
0110111100
0111000110
0111000111
0111001000
0111001001
0111010110
0111010111
0111011000
0111100010
0111100011
0111100100
0111100101
0111110010
0111110011
0111110100
0111111111
1000000000
1000000001
1000000010
1000001101
1000001110
1000001111
1000010000
1000010001
1000011011
1000011100
1000011101
1000011110
1000011111
1000100000
1000100001
1000100010
1000100111
1000101000
1000101001
1000101010
1000101011
1000101100
1000101101
1000111000
1000111001
1000111010
1000111011
1000111100
1000111101
1000111110
1000111111
1001000000
1001000001
1001000010
1001000011
1001000100
1001000101
1001000110
1001000111
1001001000
1001010110
1001010111
1001011000
1001011001
1001011010
1001011011
1001011100
1001011101
1001011110
1001011111
1001100000
1001100001
1001100010
1001100100
1001110011
1001110100
1001110101
1001110110
1001110111
1001111000
1001111001
1001111010
1001111011
1001111100
1001111111
1010010000
1010010001
1010010010
1010010011
1010010100
1010010101
1010010110
1010010111
1010011000
1010110001
0000000000
0000000000
0000000000
0000000000
0000000000
0000000000
0000000000
0000000000
0000000000
0000000000
0000000000
0000000000
0000000000
0000000000
0000000000
0000000000
0000000000
0000000000
0000000000
0000000000
0000000000
0000000000
0000000000
0000000000
0000000000
0000000000
0000000000
0000000000
0000000000
0000000000
0000000000
0000000000
0000000000
0000000000
0000000000
0000000000
0000000000
0000000000
0000000000
0000000000
0000000000
0000000000
0000000000
0000000000
0000000000
0000000000
0000000000
0000000000
0000000000
0000000000
0000000000
0000000000
0000000000
0000000000
0000000000
0000000000
0000000000
0000000000
0000000000
0000000000
0000000000
0000000000
0000000000
0000000000
0000000000
0000000000
0000000000
0000000000
0000000000
0000000000
0000000000
0000000000
0000000000
0000000000
0000000000
0000000000
0000000000
0000000000
0000000000
0000000000
0000000000
0000000000
0000000000
0000000000
0000000000
0000000000
0000000000
0000000000
0000000000
0000000000
0000000000
0000000000
0000000000
0000000000
0000000000
0000000000
0000000000
0000000000
0000000000
0000000000
0000000000
0000000000
0000000000
0000000000
0000000000
0000000000
0000000000
0000000000
0000000000
0000000000
0000000000
0000000000
0000000000
0000000000
0000000000
0000000000
0000000000
0000000000
0000000000
0000000000
0000000000
0000000000
0000000000
0000000000
0000000000
0000000000
0000000000
0000000000
0000000000
0000000000
0000000000
0000000000
0000000000
0000000000
0000000000
0000000000
0000000000
0000000000
0000000000
0000000000
0000000000
0000000000
0000000000
0000000000
0000000000
0000000000
0000000000
0000000000
0000000000
0000000000
0000000000
0000000000
0000000000
0000000000
0000000000
0000000000
0000000000
0000000000
0000000000
0000000000
0000000000
0000000000
0000000000
0000000000
0000000000
0000000000
0000000000
0000000000
0000000000
0000000000
0000000000
0000000000
0000000000
0000000000
0000000000
0000000000
0000000000
0000000000
0000000000
0000000000
0000000000
0000000000
0000000000
0000000000
0000000000
0000000000
0000000000
0000000000
0000000000
0000000000
0000000000
0000000000
0000000000
0000000000
0000000000
0000000000
0000000000
0000000000
0000000000
0000000000
0000000000
0000000000
0000000000
0000000000
0000000000
0000000000
0000000000
0000000000
0000000000
0000000000
0000000000
0000000000
0000000000
0000000000
0000000000
0000000000
0000000000
0000000000
0000000000
0000000000
0000000000
0000000000
0000000000
0000000000
0000000000
0000000000
0000000000
0000000000
0000000000
0000000000
0000000000
0000000000
0000000000
0000000000
0000000000
0000000000
0000000000
0000000000
0000000000
0000000000
0000000000
0000000000
0000000000
0000000000
0000000000
0000000000
0000000000
0000000000
0000000000
0000000000
0000000000
0000000000
0000000000
0000000000
0000000000
0000000000
0000000000
0000000000
0000000000
0000000000
0000000000
0000000000
0000000000
0000000000
0000000000
0000000000
0000000000
0000000000
0000000000
0000000000
0000000000
0000000000
0000000000
0000000000
0000000000
0000000000
0000000000
0000000000
0000000000
0000000000
0000000000
0000000000
0000000000
0000000000
0000000000
0000000000
0000000000
0000000000
0000000000
0000000000
0000000000
0000000000
0000000000
0000000000
0000000000
0000000000
0000000000
0000000000
0000000000
0000000000
0000000000
0000000000
0000000000
0000000000
0000000000
0000000000
0000000000
0000000000
0000000000
0000000000
0000000000
0000000000
0000000000
0000000000
0000000000
0000000000
0000000000
0000000000
0000000000
0000000000
