00000110
00010001
11110011
11111110
00000000
00001110
00001000
11111000
11011001
00010010
11111010
11110000
00000000
11111111
00001101
00000111
11111110
11111101
11101110
00000111
11110110
00001010
11110011
11110101
11111110
11111001
11111111
11111001
11111010
00001100
00001001
00000100
00010000
00001100
11110000
00010110
11111100
11111011
00000110
11101010
00010011
00000101
11101010
11111101
00000000
11111101
00000101
00000101
00000110
11110101
11111010
00000100
00000000
11101011
00000001
00000001
11110000
11101011
11101011
11111011
00000010
11111001
00010010
11111011
00001000
00001111
11111001
11110111
11100111
00010001
00001100
11101100
11110001
11111010
00000000
00001010
00000000
00001001
11111110
00000100
11101110
00001000
11111110
00010101
00000000
00000101
11101100
00010001
00000110
11111111
00000000
11111101
